% time	cellId	IMSI	frame	sframe	RNTI	mcsTb1	sizeTb1	mcsTb2	sizeTb2	ccId
0.021	1	1	3	2	1	0	19	0	0	0
0.021	1	1	3	2	1	0	19	0	0	1
0.022	1	1	3	3	1	0	19	0	0	0
0.022	1	1	3	3	1	0	19	0	0	1
0.023	1	1	3	4	1	0	19	0	0	0
0.023	1	1	3	4	1	0	19	0	0	1
0.024	1	1	3	5	1	0	19	0	0	0
0.024	1	1	3	5	1	0	19	0	0	1
0.025	1	1	3	6	1	0	19	0	0	0
0.025	1	1	3	6	1	0	19	0	0	1
0.026	1	10	3	7	14	0	19	0	0	0
0.026	1	10	3	7	14	0	19	0	0	1
0.027	1	1	3	8	1	28	549	0	0	0
0.027	1	1	3	8	1	28	549	0	0	1
0.028	1	1	3	9	1	28	549	0	0	0
0.028	1	1	3	9	1	28	549	0	0	1
0.029	1	10	3	10	14	0	19	0	0	0
0.029	1	10	3	10	14	0	19	0	0	1
0.03	1	1	4	1	1	28	549	0	0	0
0.03	1	1	4	1	1	28	549	0	0	1
0.031	1	10	4	2	14	28	549	0	0	0
0.031	1	10	4	2	14	28	549	0	0	1
0.032	1	12	4	3	26	0	19	0	0	0
0.032	1	12	4	3	26	0	19	0	0	1
0.033	1	10	4	4	14	28	549	0	0	0
0.033	1	10	4	4	14	28	549	0	0	1
0.034	1	12	4	5	26	0	19	0	0	0
0.034	1	12	4	5	26	0	19	0	0	1
0.035	1	10	4	6	14	28	549	0	0	0
0.035	1	10	4	6	14	28	549	0	0	1
0.036	1	1	4	7	1	28	549	0	0	0
0.036	1	1	4	7	1	28	549	0	0	1
0.037	1	12	4	8	26	28	549	0	0	0
0.037	1	12	4	8	26	28	549	0	0	1
0.038	1	14	4	9	35	0	19	0	0	0
0.038	1	14	4	9	35	0	19	0	0	1
0.039	1	12	4	10	26	28	549	0	0	0
0.039	1	12	4	10	26	28	549	0	0	1
0.04	1	14	5	1	35	0	19	0	0	0
0.04	1	14	5	1	35	0	19	0	0	1
0.041	1	12	5	2	26	28	549	0	0	0
0.041	1	12	5	2	26	28	549	0	0	1
0.042	1	10	5	3	14	28	549	0	0	0
0.042	1	10	5	3	14	28	549	0	0	1
0.043	1	14	5	4	35	28	549	0	0	0
0.043	1	14	5	4	35	28	549	0	0	1
0.044	1	13	5	5	43	0	19	0	0	0
0.044	1	13	5	5	43	0	19	0	0	1
0.045	1	14	5	6	35	28	549	0	0	0
0.045	1	14	5	6	35	28	549	0	0	1
0.046	1	13	5	7	43	0	19	0	0	0
0.046	1	13	5	7	43	0	19	0	0	1
0.047	1	14	5	8	35	28	549	0	0	0
0.047	1	14	5	8	35	28	549	0	0	1
0.048	1	12	5	9	26	28	549	0	0	0
0.048	1	12	5	9	26	28	549	0	0	1
0.049	1	13	5	10	43	28	549	0	0	0
0.049	1	13	5	10	43	28	549	0	0	1
0.05	1	5	6	1	54	0	19	0	0	0
0.05	1	5	6	1	54	0	19	0	0	1
0.051	1	13	6	2	43	28	549	0	0	0
0.051	1	13	6	2	43	28	549	0	0	1
0.052	1	5	6	3	54	0	19	0	0	0
0.052	1	5	6	3	54	0	19	0	0	1
0.053	1	13	6	4	43	28	549	0	0	0
0.053	1	13	6	4	43	28	549	0	0	1
0.054	1	14	6	5	35	28	549	0	0	0
0.054	1	14	6	5	35	28	549	0	0	1
0.055	1	5	6	6	54	28	549	0	0	0
0.055	1	5	6	6	54	28	549	0	0	1
0.056	1	3	6	7	62	0	19	0	0	0
0.056	1	3	6	7	62	0	19	0	0	1
0.057	1	5	6	8	54	28	549	0	0	0
0.057	1	5	6	8	54	28	549	0	0	1
0.058	1	3	6	9	62	0	19	0	0	0
0.058	1	3	6	9	62	0	19	0	0	1
0.059	1	5	6	10	54	28	549	0	0	0
0.059	1	5	6	10	54	28	549	0	0	1
0.06	1	13	7	1	43	28	549	0	0	0
0.06	1	13	7	1	43	28	549	0	0	1
0.061	1	3	7	2	62	28	549	0	0	0
0.061	1	3	7	2	62	28	549	0	0	1
0.062	1	11	7	3	69	0	19	0	0	0
0.062	1	11	7	3	69	0	19	0	0	1
0.063	1	3	7	4	62	28	549	0	0	0
0.063	1	3	7	4	62	28	549	0	0	1
0.064	1	11	7	5	69	0	19	0	0	0
0.064	1	11	7	5	69	0	19	0	0	1
0.065	1	3	7	6	62	28	549	0	0	0
0.065	1	3	7	6	62	28	549	0	0	1
0.066	1	5	7	7	54	28	549	0	0	0
0.066	1	5	7	7	54	28	549	0	0	1
0.067	1	11	7	8	69	28	549	0	0	0
0.067	1	11	7	8	69	28	549	0	0	1
0.068	1	8	7	9	75	0	19	0	0	0
0.068	1	8	7	9	75	0	19	0	0	1
0.069	1	11	7	10	69	28	549	0	0	0
0.069	1	11	7	10	69	28	549	0	0	1
0.07	1	8	8	1	75	0	19	0	0	0
0.07	1	8	8	1	75	0	19	0	0	1
0.071	1	11	8	2	69	28	549	0	0	0
0.071	1	11	8	2	69	28	549	0	0	1
0.072	1	1	8	3	1	28	549	0	0	0
0.072	1	1	8	3	1	28	549	0	0	1
0.073	1	8	8	4	75	28	549	0	0	0
0.073	1	8	8	4	75	28	549	0	0	1
0.074	1	15	8	5	82	0	19	0	0	0
0.074	1	15	8	5	82	0	19	0	0	1
0.075	1	8	8	6	75	28	549	0	0	0
0.075	1	8	8	6	75	28	549	0	0	1
0.076	1	15	8	7	82	0	19	0	0	0
0.076	1	15	8	7	82	0	19	0	0	1
0.077	1	8	8	8	75	28	549	0	0	0
0.077	1	8	8	8	75	28	549	0	0	1
0.078	1	3	8	9	62	28	549	0	0	0
0.078	1	3	8	9	62	28	549	0	0	1
0.079	1	15	8	10	82	28	549	0	0	0
0.079	1	15	8	10	82	28	549	0	0	1
0.08	1	7	9	1	88	0	19	0	0	0
0.08	1	7	9	1	88	0	19	0	0	1
0.081	1	15	9	2	82	28	549	0	0	0
0.081	1	15	9	2	82	28	549	0	0	1
0.082	1	7	9	3	88	0	19	0	0	0
0.082	1	7	9	3	88	0	19	0	0	1
0.083	1	15	9	4	82	28	549	0	0	0
0.083	1	15	9	4	82	28	549	0	0	1
0.084	1	10	9	5	14	28	549	0	0	0
0.084	1	10	9	5	14	28	549	0	0	1
0.085	1	7	9	6	88	28	549	0	0	0
0.085	1	7	9	6	88	28	549	0	0	1
0.086	1	4	9	7	93	0	19	0	0	0
0.086	1	4	9	7	93	0	19	0	0	1
0.087	1	7	9	8	88	28	549	0	0	0
0.087	1	7	9	8	88	28	549	0	0	1
0.088	1	4	9	9	93	0	19	0	0	0
0.088	1	4	9	9	93	0	19	0	0	1
0.089	1	7	9	10	88	28	549	0	0	0
0.089	1	7	9	10	88	28	549	0	0	1
0.09	1	11	10	1	69	28	549	0	0	0
0.09	1	11	10	1	69	28	549	0	0	1
0.091	1	4	10	2	93	28	549	0	0	0
0.091	1	4	10	2	93	28	549	0	0	1
0.092	1	6	10	3	97	0	19	0	0	0
0.092	1	6	10	3	97	0	19	0	0	1
0.093	1	4	10	4	93	28	549	0	0	0
0.093	1	4	10	4	93	28	549	0	0	1
0.094	1	6	10	5	97	0	19	0	0	0
0.094	1	6	10	5	97	0	19	0	0	1
0.095	1	4	10	6	93	28	549	0	0	0
0.095	1	4	10	6	93	28	549	0	0	1
0.096	1	12	10	7	26	28	549	0	0	0
0.096	1	12	10	7	26	28	549	0	0	1
0.097	1	6	10	8	97	28	549	0	0	0
0.097	1	6	10	8	97	28	549	0	0	1
0.098	1	2	10	9	100	0	19	0	0	0
0.098	1	2	10	9	100	0	19	0	0	1
0.099	1	6	10	10	97	28	549	0	0	0
0.099	1	6	10	10	97	28	549	0	0	1
0.1	1	2	11	1	100	0	19	0	0	0
0.1	1	2	11	1	100	0	19	0	0	1
0.101	1	6	11	2	97	28	549	0	0	0
0.101	1	6	11	2	97	28	549	0	0	1
0.102	1	8	11	3	75	28	549	0	0	0
0.102	1	8	11	3	75	28	549	0	0	1
0.103	1	2	11	4	100	28	549	0	0	0
0.103	1	2	11	4	100	28	549	0	0	1
0.104	1	9	11	5	102	0	19	0	0	0
0.104	1	9	11	5	102	0	19	0	0	1
0.105	1	2	11	6	100	28	549	0	0	0
0.105	1	2	11	6	100	28	549	0	0	1
0.106	1	9	11	7	102	0	19	0	0	0
0.106	1	9	11	7	102	0	19	0	0	1
0.107	1	2	11	8	100	28	549	0	0	0
0.107	1	2	11	8	100	28	549	0	0	1
0.108	1	14	11	9	35	28	549	0	0	0
0.108	1	14	11	9	35	28	549	0	0	1
0.109	1	9	11	10	102	28	549	0	0	0
0.109	1	9	11	10	102	28	549	0	0	1
0.11	1	9	12	1	102	28	549	0	0	0
0.11	1	9	12	1	102	28	549	0	0	1
0.111	1	9	12	2	102	28	549	0	0	0
0.111	1	9	12	2	102	28	549	0	0	1
0.112	1	15	12	3	82	28	549	0	0	0
0.112	1	15	12	3	82	28	549	0	0	1
0.113	1	13	12	4	43	28	549	0	0	0
0.113	1	13	12	4	43	28	549	0	0	1
0.114	1	7	12	5	88	28	549	0	0	0
0.114	1	7	12	5	88	28	549	0	0	1
0.115	1	5	12	6	54	28	549	0	0	0
0.115	1	5	12	6	54	28	549	0	0	1
0.116	1	1	12	7	1	28	549	0	0	0
0.116	1	1	12	7	1	28	549	0	0	1
0.117	1	4	12	8	93	28	549	0	0	0
0.117	1	4	12	8	93	28	549	0	0	1
0.118	1	3	12	9	62	28	549	0	0	0
0.118	1	3	12	9	62	28	549	0	0	1
0.119	1	10	12	10	14	28	549	0	0	0
0.119	1	10	12	10	14	28	549	0	0	1
0.12	1	6	13	1	97	28	549	0	0	0
0.12	1	6	13	1	97	28	549	0	0	1
0.121	1	11	13	2	69	28	549	0	0	0
0.121	1	11	13	2	69	28	549	0	0	1
0.122	1	12	13	3	26	28	549	0	0	0
0.122	1	12	13	3	26	28	549	0	0	1
0.123	1	2	13	4	100	28	549	0	0	0
0.123	1	2	13	4	100	28	549	0	0	1
0.124	1	9	13	5	102	28	549	0	0	0
0.124	1	9	13	5	102	28	549	0	0	1
0.125	1	8	13	6	75	28	549	0	0	0
0.125	1	8	13	6	75	28	549	0	0	1
0.126	1	14	13	7	35	28	549	0	0	0
0.126	1	14	13	7	35	28	549	0	0	1
0.127	1	15	13	8	82	28	549	0	0	0
0.127	1	15	13	8	82	28	549	0	0	1
0.128	1	13	13	9	43	28	549	0	0	0
0.128	1	13	13	9	43	28	549	0	0	1
0.129	1	7	13	10	88	28	549	0	0	0
0.129	1	7	13	10	88	28	549	0	0	1
0.13	1	5	14	1	54	28	549	0	0	0
0.13	1	5	14	1	54	28	549	0	0	1
0.131	1	1	14	2	1	28	549	0	0	0
0.131	1	1	14	2	1	28	549	0	0	1
0.132	1	4	14	3	93	28	549	0	0	0
0.132	1	4	14	3	93	28	549	0	0	1
0.133	1	3	14	4	62	28	549	0	0	0
0.133	1	3	14	4	62	28	549	0	0	1
0.134	1	10	14	5	14	28	549	0	0	0
0.134	1	10	14	5	14	28	549	0	0	1
0.135	1	6	14	6	97	28	549	0	0	0
0.135	1	6	14	6	97	28	549	0	0	1
0.136	1	11	14	7	69	28	549	0	0	0
0.136	1	11	14	7	69	28	549	0	0	1
0.137	1	12	14	8	26	28	549	0	0	0
0.137	1	12	14	8	26	28	549	0	0	1
0.138	1	2	14	9	100	28	549	0	0	0
0.138	1	2	14	9	100	28	549	0	0	1
0.139	1	9	14	10	102	28	549	0	0	0
0.139	1	9	14	10	102	28	549	0	0	1
0.14	1	8	15	1	75	28	549	0	0	0
0.14	1	8	15	1	75	28	549	0	0	1
0.141	1	14	15	2	35	28	549	0	0	0
0.141	1	14	15	2	35	28	549	0	0	1
0.142	1	15	15	3	82	28	549	0	0	0
0.142	1	15	15	3	82	28	549	0	0	1
0.143	1	13	15	4	43	28	549	0	0	0
0.143	1	13	15	4	43	28	549	0	0	1
0.144	1	7	15	5	88	28	549	0	0	0
0.144	1	7	15	5	88	28	549	0	0	1
0.145	1	5	15	6	54	28	549	0	0	0
0.145	1	5	15	6	54	28	549	0	0	1
0.146	1	1	15	7	1	28	549	0	0	0
0.146	1	1	15	7	1	28	549	0	0	1
0.147	1	4	15	8	93	28	549	0	0	0
0.147	1	4	15	8	93	28	549	0	0	1
0.148	1	3	15	9	62	28	549	0	0	0
0.148	1	3	15	9	62	28	549	0	0	1
0.149	1	10	15	10	14	28	549	0	0	0
0.149	1	10	15	10	14	28	549	0	0	1
0.15	1	6	16	1	97	28	549	0	0	0
0.15	1	6	16	1	97	28	549	0	0	1
0.151	1	11	16	2	69	28	549	0	0	0
0.151	1	11	16	2	69	28	549	0	0	1
0.152	1	12	16	3	26	28	549	0	0	0
0.152	1	12	16	3	26	28	549	0	0	1
0.153	1	2	16	4	100	28	549	0	0	0
0.153	1	2	16	4	100	28	549	0	0	1
0.154	1	9	16	5	102	28	549	0	0	0
0.154	1	9	16	5	102	28	549	0	0	1
0.155	1	8	16	6	75	28	549	0	0	0
0.155	1	8	16	6	75	28	549	0	0	1
0.156	1	14	16	7	35	28	549	0	0	0
0.156	1	14	16	7	35	28	549	0	0	1
0.157	1	15	16	8	82	28	549	0	0	0
0.157	1	15	16	8	82	28	549	0	0	1
0.158	1	13	16	9	43	28	549	0	0	0
0.158	1	13	16	9	43	28	549	0	0	1
0.159	1	7	16	10	88	28	549	0	0	0
0.159	1	7	16	10	88	28	549	0	0	1
0.16	1	5	17	1	54	28	549	0	0	0
0.16	1	5	17	1	54	28	549	0	0	1
0.161	1	1	17	2	1	28	549	0	0	0
0.161	1	1	17	2	1	28	549	0	0	1
0.162	1	4	17	3	93	28	549	0	0	0
0.162	1	4	17	3	93	28	549	0	0	1
0.163	1	3	17	4	62	28	549	0	0	0
0.163	1	3	17	4	62	28	549	0	0	1
0.164	1	10	17	5	14	28	549	0	0	0
0.164	1	10	17	5	14	28	549	0	0	1
0.165	1	6	17	6	97	28	549	0	0	0
0.165	1	6	17	6	97	28	549	0	0	1
0.166	1	11	17	7	69	28	549	0	0	0
0.166	1	11	17	7	69	28	549	0	0	1
0.167	1	12	17	8	26	28	549	0	0	0
0.167	1	12	17	8	26	28	549	0	0	1
0.168	1	2	17	9	100	28	549	0	0	0
0.168	1	2	17	9	100	28	549	0	0	1
0.169	1	9	17	10	102	28	549	0	0	0
0.169	1	9	17	10	102	28	549	0	0	1
0.17	1	8	18	1	75	28	549	0	0	0
0.17	1	8	18	1	75	28	549	0	0	1
0.171	1	14	18	2	35	28	549	0	0	0
0.171	1	14	18	2	35	28	549	0	0	1
0.172	1	15	18	3	82	28	549	0	0	0
0.172	1	15	18	3	82	28	549	0	0	1
0.173	1	13	18	4	43	28	549	0	0	0
0.173	1	13	18	4	43	28	549	0	0	1
0.174	1	7	18	5	88	28	549	0	0	0
0.174	1	7	18	5	88	28	549	0	0	1
0.175	1	5	18	6	54	28	549	0	0	0
0.175	1	5	18	6	54	28	549	0	0	1
0.176	1	1	18	7	1	28	549	0	0	0
0.176	1	1	18	7	1	28	549	0	0	1
0.177	1	4	18	8	93	28	549	0	0	0
0.177	1	4	18	8	93	28	549	0	0	1
0.178	1	3	18	9	62	28	549	0	0	0
0.178	1	3	18	9	62	28	549	0	0	1
0.179	1	10	18	10	14	28	549	0	0	0
0.179	1	10	18	10	14	28	549	0	0	1
0.18	1	6	19	1	97	28	549	0	0	0
0.18	1	6	19	1	97	28	549	0	0	1
0.181	1	11	19	2	69	28	549	0	0	0
0.181	1	11	19	2	69	28	549	0	0	1
0.182	1	12	19	3	26	28	549	0	0	0
0.182	1	12	19	3	26	28	549	0	0	1
0.183	1	2	19	4	100	28	549	0	0	0
0.183	1	2	19	4	100	28	549	0	0	1
0.184	1	9	19	5	102	28	549	0	0	0
0.184	1	9	19	5	102	28	549	0	0	1
0.185	1	8	19	6	75	28	549	0	0	0
0.185	1	8	19	6	75	28	549	0	0	1
0.186	1	14	19	7	35	28	549	0	0	0
0.186	1	14	19	7	35	28	549	0	0	1
0.187	1	15	19	8	82	28	549	0	0	0
0.187	1	15	19	8	82	28	549	0	0	1
0.188	1	13	19	9	43	28	549	0	0	0
0.188	1	13	19	9	43	28	549	0	0	1
0.189	1	7	19	10	88	28	549	0	0	0
0.189	1	7	19	10	88	28	549	0	0	1
0.19	1	5	20	1	54	28	549	0	0	0
0.19	1	5	20	1	54	28	549	0	0	1
0.191	1	1	20	2	1	28	549	0	0	0
0.191	1	1	20	2	1	28	549	0	0	1
0.192	1	4	20	3	93	28	549	0	0	0
0.192	1	4	20	3	93	28	549	0	0	1
0.193	1	3	20	4	62	28	549	0	0	0
0.193	1	3	20	4	62	28	549	0	0	1
0.194	1	10	20	5	14	28	549	0	0	0
0.194	1	10	20	5	14	28	549	0	0	1
0.195	1	6	20	6	97	28	549	0	0	0
0.195	1	6	20	6	97	28	549	0	0	1
0.196	1	11	20	7	69	28	549	0	0	0
0.196	1	11	20	7	69	28	549	0	0	1
0.197	1	12	20	8	26	28	549	0	0	0
0.197	1	12	20	8	26	28	549	0	0	1
0.198	1	2	20	9	100	28	549	0	0	0
0.198	1	2	20	9	100	28	549	0	0	1
0.199	1	9	20	10	102	28	549	0	0	0
0.199	1	9	20	10	102	28	549	0	0	1
0.2	1	8	21	1	75	28	549	0	0	0
0.2	1	8	21	1	75	28	549	0	0	1
0.201	1	14	21	2	35	28	549	0	0	0
0.201	1	14	21	2	35	28	549	0	0	1
0.202	1	15	21	3	82	28	549	0	0	0
0.202	1	15	21	3	82	28	549	0	0	1
0.203	1	13	21	4	43	28	549	0	0	0
0.203	1	13	21	4	43	28	549	0	0	1
0.204	1	7	21	5	88	28	549	0	0	0
0.204	1	7	21	5	88	28	549	0	0	1
0.205	1	5	21	6	54	28	549	0	0	0
0.205	1	5	21	6	54	28	549	0	0	1
0.206	1	1	21	7	1	28	549	0	0	0
0.206	1	1	21	7	1	28	549	0	0	1
0.207	1	4	21	8	93	28	549	0	0	0
0.207	1	4	21	8	93	28	549	0	0	1
0.208	1	3	21	9	62	28	549	0	0	0
0.208	1	3	21	9	62	28	549	0	0	1
0.209	1	10	21	10	14	28	549	0	0	0
0.209	1	10	21	10	14	28	549	0	0	1
0.21	1	6	22	1	97	28	549	0	0	0
0.21	1	6	22	1	97	28	549	0	0	1
0.211	1	11	22	2	69	28	549	0	0	0
0.211	1	11	22	2	69	28	549	0	0	1
0.212	1	12	22	3	26	28	549	0	0	0
0.212	1	12	22	3	26	28	549	0	0	1
0.213	1	2	22	4	100	28	549	0	0	0
0.213	1	2	22	4	100	28	549	0	0	1
0.214	1	9	22	5	102	28	549	0	0	0
0.214	1	9	22	5	102	28	549	0	0	1
0.215	1	8	22	6	75	28	549	0	0	0
0.215	1	8	22	6	75	28	549	0	0	1
0.216	1	14	22	7	35	28	549	0	0	0
0.216	1	14	22	7	35	28	549	0	0	1
0.217	1	15	22	8	82	28	549	0	0	0
0.217	1	15	22	8	82	28	549	0	0	1
0.218	1	13	22	9	43	28	549	0	0	0
0.218	1	13	22	9	43	28	549	0	0	1
0.219	1	7	22	10	88	28	549	0	0	0
0.219	1	7	22	10	88	28	549	0	0	1
0.22	1	5	23	1	54	28	549	0	0	0
0.22	1	5	23	1	54	28	549	0	0	1
0.221	1	1	23	2	1	28	549	0	0	0
0.221	1	1	23	2	1	28	549	0	0	1
0.222	1	4	23	3	93	28	549	0	0	0
0.222	1	4	23	3	93	28	549	0	0	1
0.223	1	3	23	4	62	28	549	0	0	0
0.223	1	3	23	4	62	28	549	0	0	1
0.224	1	10	23	5	14	28	549	0	0	0
0.224	1	10	23	5	14	28	549	0	0	1
0.225	1	6	23	6	97	28	549	0	0	0
0.225	1	6	23	6	97	28	549	0	0	1
0.226	1	11	23	7	69	28	549	0	0	0
0.226	1	11	23	7	69	28	549	0	0	1
0.227	1	12	23	8	26	28	549	0	0	0
0.227	1	12	23	8	26	28	549	0	0	1
0.228	1	2	23	9	100	28	549	0	0	0
0.228	1	2	23	9	100	28	549	0	0	1
0.229	1	9	23	10	102	28	549	0	0	0
0.229	1	9	23	10	102	28	549	0	0	1
0.23	1	8	24	1	75	28	549	0	0	0
0.23	1	8	24	1	75	28	549	0	0	1
0.231	1	14	24	2	35	28	549	0	0	0
0.231	1	14	24	2	35	28	549	0	0	1
0.232	1	15	24	3	82	28	549	0	0	0
0.232	1	15	24	3	82	28	549	0	0	1
0.233	1	13	24	4	43	28	549	0	0	0
0.233	1	13	24	4	43	28	549	0	0	1
0.234	1	7	24	5	88	28	549	0	0	0
0.234	1	7	24	5	88	28	549	0	0	1
0.235	1	5	24	6	54	28	549	0	0	0
0.235	1	5	24	6	54	28	549	0	0	1
0.236	1	1	24	7	1	28	549	0	0	0
0.236	1	1	24	7	1	28	549	0	0	1
0.237	1	4	24	8	93	28	549	0	0	0
0.237	1	4	24	8	93	28	549	0	0	1
0.238	1	3	24	9	62	28	549	0	0	0
0.238	1	3	24	9	62	28	549	0	0	1
0.239	1	10	24	10	14	28	549	0	0	0
0.239	1	10	24	10	14	28	549	0	0	1
0.24	1	6	25	1	97	28	549	0	0	0
0.24	1	6	25	1	97	28	549	0	0	1
0.241	1	11	25	2	69	28	549	0	0	0
0.241	1	11	25	2	69	28	549	0	0	1
0.242	1	12	25	3	26	28	549	0	0	0
0.242	1	12	25	3	26	28	549	0	0	1
0.243	1	2	25	4	100	28	549	0	0	0
0.243	1	2	25	4	100	28	549	0	0	1
0.244	1	9	25	5	102	28	549	0	0	0
0.244	1	9	25	5	102	28	549	0	0	1
0.245	1	8	25	6	75	28	549	0	0	0
0.245	1	8	25	6	75	28	549	0	0	1
0.246	1	14	25	7	35	28	549	0	0	0
0.246	1	14	25	7	35	28	549	0	0	1
0.247	1	15	25	8	82	28	549	0	0	0
0.247	1	15	25	8	82	28	549	0	0	1
0.248	1	13	25	9	43	28	549	0	0	0
0.248	1	13	25	9	43	28	549	0	0	1
0.249	1	7	25	10	88	28	549	0	0	0
0.249	1	7	25	10	88	28	549	0	0	1
0.25	1	5	26	1	54	28	549	0	0	0
0.25	1	5	26	1	54	28	549	0	0	1
0.251	1	1	26	2	1	28	549	0	0	0
0.251	1	1	26	2	1	28	549	0	0	1
0.252	1	4	26	3	93	28	549	0	0	0
0.252	1	4	26	3	93	28	549	0	0	1
0.253	1	3	26	4	62	28	549	0	0	0
0.253	1	3	26	4	62	28	549	0	0	1
0.254	1	10	26	5	14	28	549	0	0	0
0.254	1	10	26	5	14	28	549	0	0	1
0.255	1	6	26	6	97	28	549	0	0	0
0.255	1	6	26	6	97	28	549	0	0	1
0.256	1	11	26	7	69	28	549	0	0	0
0.256	1	11	26	7	69	28	549	0	0	1
0.257	1	12	26	8	26	28	549	0	0	0
0.257	1	12	26	8	26	28	549	0	0	1
0.258	1	2	26	9	100	28	549	0	0	0
0.258	1	2	26	9	100	28	549	0	0	1
0.259	1	9	26	10	102	28	549	0	0	0
0.259	1	9	26	10	102	28	549	0	0	1
0.26	1	8	27	1	75	28	549	0	0	0
0.26	1	8	27	1	75	28	549	0	0	1
0.261	1	14	27	2	35	28	549	0	0	0
0.261	1	14	27	2	35	28	549	0	0	1
0.262	1	15	27	3	82	28	549	0	0	0
0.262	1	15	27	3	82	28	549	0	0	1
0.263	1	13	27	4	43	28	549	0	0	0
0.263	1	13	27	4	43	28	549	0	0	1
0.264	1	7	27	5	88	28	549	0	0	0
0.264	1	7	27	5	88	28	549	0	0	1
0.265	1	5	27	6	54	28	549	0	0	0
0.265	1	5	27	6	54	28	549	0	0	1
0.266	1	1	27	7	1	28	549	0	0	0
0.266	1	1	27	7	1	28	549	0	0	1
0.267	1	4	27	8	93	28	549	0	0	0
0.267	1	4	27	8	93	28	549	0	0	1
0.268	1	3	27	9	62	28	549	0	0	0
0.268	1	3	27	9	62	28	549	0	0	1
0.269	1	10	27	10	14	28	549	0	0	0
0.269	1	10	27	10	14	28	549	0	0	1
0.27	1	6	28	1	97	28	549	0	0	0
0.27	1	6	28	1	97	28	549	0	0	1
0.271	1	11	28	2	69	28	549	0	0	0
0.271	1	11	28	2	69	28	549	0	0	1
0.272	1	12	28	3	26	28	549	0	0	0
0.272	1	12	28	3	26	28	549	0	0	1
0.273	1	2	28	4	100	28	549	0	0	0
0.273	1	2	28	4	100	28	549	0	0	1
0.274	1	9	28	5	102	28	549	0	0	0
0.274	1	9	28	5	102	28	549	0	0	1
0.275	1	8	28	6	75	28	549	0	0	0
0.275	1	8	28	6	75	28	549	0	0	1
0.276	1	14	28	7	35	28	549	0	0	0
0.276	1	14	28	7	35	28	549	0	0	1
0.277	1	15	28	8	82	28	549	0	0	0
0.277	1	15	28	8	82	28	549	0	0	1
0.278	1	13	28	9	43	28	549	0	0	0
0.278	1	13	28	9	43	28	549	0	0	1
0.279	1	7	28	10	88	28	549	0	0	0
0.279	1	7	28	10	88	28	549	0	0	1
0.28	1	5	29	1	54	28	549	0	0	0
0.28	1	5	29	1	54	28	549	0	0	1
0.281	1	1	29	2	1	28	549	0	0	0
0.281	1	1	29	2	1	28	549	0	0	1
0.282	1	4	29	3	93	28	549	0	0	0
0.282	1	4	29	3	93	28	549	0	0	1
0.283	1	3	29	4	62	28	549	0	0	0
0.283	1	3	29	4	62	28	549	0	0	1
0.284	1	10	29	5	14	28	549	0	0	0
0.284	1	10	29	5	14	28	549	0	0	1
0.285	1	6	29	6	97	28	549	0	0	0
0.285	1	6	29	6	97	28	549	0	0	1
0.286	1	11	29	7	69	28	549	0	0	0
0.286	1	11	29	7	69	28	549	0	0	1
0.287	1	12	29	8	26	28	549	0	0	0
0.287	1	12	29	8	26	28	549	0	0	1
0.288	1	2	29	9	100	28	549	0	0	0
0.288	1	2	29	9	100	28	549	0	0	1
0.289	1	9	29	10	102	28	549	0	0	0
0.289	1	9	29	10	102	28	549	0	0	1
0.29	1	8	30	1	75	28	549	0	0	0
0.29	1	8	30	1	75	28	549	0	0	1
0.291	1	14	30	2	35	28	549	0	0	0
0.291	1	14	30	2	35	28	549	0	0	1
0.292	1	15	30	3	82	28	549	0	0	0
0.292	1	15	30	3	82	28	549	0	0	1
0.293	1	13	30	4	43	28	549	0	0	0
0.293	1	13	30	4	43	28	549	0	0	1
0.294	1	7	30	5	88	28	549	0	0	0
0.294	1	7	30	5	88	28	549	0	0	1
0.295	1	5	30	6	54	28	549	0	0	0
0.295	1	5	30	6	54	28	549	0	0	1
0.296	1	1	30	7	1	28	549	0	0	0
0.296	1	1	30	7	1	28	549	0	0	1
0.297	1	4	30	8	93	28	549	0	0	0
0.297	1	4	30	8	93	28	549	0	0	1
0.298	1	3	30	9	62	28	549	0	0	0
0.298	1	3	30	9	62	28	549	0	0	1
0.299	1	10	30	10	14	28	549	0	0	0
0.299	1	10	30	10	14	28	549	0	0	1
0.3	1	6	31	1	97	28	549	0	0	0
0.3	1	6	31	1	97	28	549	0	0	1
0.301	1	11	31	2	69	28	549	0	0	0
0.301	1	11	31	2	69	28	549	0	0	1
0.302	1	12	31	3	26	28	549	0	0	0
0.302	1	12	31	3	26	28	549	0	0	1
0.303	1	2	31	4	100	28	549	0	0	0
0.303	1	2	31	4	100	28	549	0	0	1
0.304	1	9	31	5	102	28	549	0	0	0
0.304	1	9	31	5	102	28	549	0	0	1
0.305	1	8	31	6	75	28	549	0	0	0
0.305	1	8	31	6	75	28	549	0	0	1
0.306	1	14	31	7	35	28	549	0	0	0
0.306	1	14	31	7	35	28	549	0	0	1
0.307	1	15	31	8	82	28	549	0	0	0
0.307	1	15	31	8	82	28	549	0	0	1
0.308	1	13	31	9	43	28	549	0	0	0
0.308	1	13	31	9	43	28	549	0	0	1
0.309	1	7	31	10	88	28	549	0	0	0
0.309	1	7	31	10	88	28	549	0	0	1
0.31	1	5	32	1	54	28	549	0	0	0
0.31	1	5	32	1	54	28	549	0	0	1
0.311	1	1	32	2	1	28	549	0	0	0
0.311	1	1	32	2	1	28	549	0	0	1
0.312	1	4	32	3	93	28	549	0	0	0
0.312	1	4	32	3	93	28	549	0	0	1
0.313	1	3	32	4	62	28	549	0	0	0
0.313	1	3	32	4	62	28	549	0	0	1
0.314	1	10	32	5	14	28	549	0	0	0
0.314	1	10	32	5	14	28	549	0	0	1
0.315	1	6	32	6	97	28	549	0	0	0
0.315	1	6	32	6	97	28	549	0	0	1
0.316	1	11	32	7	69	28	549	0	0	0
0.316	1	11	32	7	69	28	549	0	0	1
0.317	1	12	32	8	26	28	549	0	0	0
0.317	1	12	32	8	26	28	549	0	0	1
0.318	1	2	32	9	100	28	549	0	0	0
0.318	1	2	32	9	100	28	549	0	0	1
0.319	1	9	32	10	102	28	549	0	0	0
0.319	1	9	32	10	102	28	549	0	0	1
0.32	1	8	33	1	75	28	549	0	0	0
0.32	1	8	33	1	75	28	549	0	0	1
0.321	1	14	33	2	35	28	549	0	0	0
0.321	1	14	33	2	35	28	549	0	0	1
0.322	1	15	33	3	82	28	549	0	0	0
0.322	1	15	33	3	82	28	549	0	0	1
0.323	1	13	33	4	43	28	549	0	0	0
0.323	1	13	33	4	43	28	549	0	0	1
0.324	1	7	33	5	88	28	549	0	0	0
0.324	1	7	33	5	88	28	549	0	0	1
0.325	1	5	33	6	54	28	549	0	0	0
0.325	1	5	33	6	54	28	549	0	0	1
0.326	1	1	33	7	1	28	549	0	0	0
0.326	1	1	33	7	1	28	549	0	0	1
0.327	1	4	33	8	93	28	549	0	0	0
0.327	1	4	33	8	93	28	549	0	0	1
0.328	1	3	33	9	62	28	549	0	0	0
0.328	1	3	33	9	62	28	549	0	0	1
0.329	1	10	33	10	14	28	549	0	0	0
0.329	1	10	33	10	14	28	549	0	0	1
0.33	1	6	34	1	97	28	549	0	0	0
0.33	1	6	34	1	97	28	549	0	0	1
0.331	1	11	34	2	69	28	549	0	0	0
0.331	1	11	34	2	69	28	549	0	0	1
0.332	1	12	34	3	26	28	549	0	0	0
0.332	1	12	34	3	26	28	549	0	0	1
0.333	1	2	34	4	100	28	549	0	0	0
0.333	1	2	34	4	100	28	549	0	0	1
0.334	1	9	34	5	102	28	549	0	0	0
0.334	1	9	34	5	102	28	549	0	0	1
0.335	1	8	34	6	75	28	549	0	0	0
0.335	1	8	34	6	75	28	549	0	0	1
0.336	1	14	34	7	35	28	549	0	0	0
0.336	1	14	34	7	35	28	549	0	0	1
0.337	1	15	34	8	82	28	549	0	0	0
0.337	1	15	34	8	82	28	549	0	0	1
0.338	1	13	34	9	43	28	549	0	0	0
0.338	1	13	34	9	43	28	549	0	0	1
0.339	1	7	34	10	88	28	549	0	0	0
0.339	1	7	34	10	88	28	549	0	0	1
0.34	1	5	35	1	54	28	549	0	0	0
0.34	1	5	35	1	54	28	549	0	0	1
0.341	1	1	35	2	1	28	549	0	0	0
0.341	1	1	35	2	1	28	549	0	0	1
0.342	1	4	35	3	93	28	549	0	0	0
0.342	1	4	35	3	93	28	549	0	0	1
0.343	1	3	35	4	62	28	549	0	0	0
0.343	1	3	35	4	62	28	549	0	0	1
0.344	1	10	35	5	14	28	549	0	0	0
0.344	1	10	35	5	14	28	549	0	0	1
0.345	1	6	35	6	97	28	549	0	0	0
0.345	1	6	35	6	97	28	549	0	0	1
0.346	1	11	35	7	69	28	549	0	0	0
0.346	1	11	35	7	69	28	549	0	0	1
0.347	1	12	35	8	26	28	549	0	0	0
0.347	1	12	35	8	26	28	549	0	0	1
0.348	1	2	35	9	100	28	549	0	0	0
0.348	1	2	35	9	100	28	549	0	0	1
0.349	1	9	35	10	102	28	549	0	0	0
0.349	1	9	35	10	102	28	549	0	0	1
0.35	1	8	36	1	75	28	549	0	0	0
0.35	1	8	36	1	75	28	549	0	0	1
0.351	1	14	36	2	35	28	549	0	0	0
0.351	1	14	36	2	35	28	549	0	0	1
0.352	1	15	36	3	82	28	549	0	0	0
0.352	1	15	36	3	82	28	549	0	0	1
0.353	1	13	36	4	43	28	549	0	0	0
0.353	1	13	36	4	43	28	549	0	0	1
0.354	1	7	36	5	88	28	549	0	0	0
0.354	1	7	36	5	88	28	549	0	0	1
0.355	1	5	36	6	54	28	549	0	0	0
0.355	1	5	36	6	54	28	549	0	0	1
0.356	1	1	36	7	1	28	549	0	0	0
0.356	1	1	36	7	1	28	549	0	0	1
0.357	1	4	36	8	93	28	549	0	0	0
0.357	1	4	36	8	93	28	549	0	0	1
0.358	1	3	36	9	62	28	549	0	0	0
0.358	1	3	36	9	62	28	549	0	0	1
0.359	1	10	36	10	14	28	549	0	0	0
0.359	1	10	36	10	14	28	549	0	0	1
0.36	1	6	37	1	97	28	549	0	0	0
0.36	1	6	37	1	97	28	549	0	0	1
0.361	1	11	37	2	69	28	549	0	0	0
0.361	1	11	37	2	69	28	549	0	0	1
0.362	1	12	37	3	26	28	549	0	0	0
0.362	1	12	37	3	26	28	549	0	0	1
0.363	1	2	37	4	100	28	549	0	0	0
0.363	1	2	37	4	100	28	549	0	0	1
0.364	1	9	37	5	102	28	549	0	0	0
0.364	1	9	37	5	102	28	549	0	0	1
0.365	1	8	37	6	75	28	549	0	0	0
0.365	1	8	37	6	75	28	549	0	0	1
0.366	1	14	37	7	35	28	549	0	0	0
0.366	1	14	37	7	35	28	549	0	0	1
0.367	1	15	37	8	82	28	549	0	0	0
0.367	1	15	37	8	82	28	549	0	0	1
0.368	1	13	37	9	43	28	549	0	0	0
0.368	1	13	37	9	43	28	549	0	0	1
0.369	1	7	37	10	88	28	549	0	0	0
0.369	1	7	37	10	88	28	549	0	0	1
0.37	1	5	38	1	54	28	549	0	0	0
0.37	1	5	38	1	54	28	549	0	0	1
0.371	1	1	38	2	1	28	549	0	0	0
0.371	1	1	38	2	1	28	549	0	0	1
0.372	1	4	38	3	93	28	549	0	0	0
0.372	1	4	38	3	93	28	549	0	0	1
0.373	1	3	38	4	62	28	549	0	0	0
0.373	1	3	38	4	62	28	549	0	0	1
0.374	1	10	38	5	14	28	549	0	0	0
0.374	1	10	38	5	14	28	549	0	0	1
0.375	1	6	38	6	97	28	549	0	0	0
0.375	1	6	38	6	97	28	549	0	0	1
0.376	1	11	38	7	69	28	549	0	0	0
0.376	1	11	38	7	69	28	549	0	0	1
0.377	1	12	38	8	26	28	549	0	0	0
0.377	1	12	38	8	26	28	549	0	0	1
0.378	1	2	38	9	100	28	549	0	0	0
0.378	1	2	38	9	100	28	549	0	0	1
0.379	1	9	38	10	102	28	549	0	0	0
0.379	1	9	38	10	102	28	549	0	0	1
0.38	1	8	39	1	75	28	549	0	0	0
0.38	1	8	39	1	75	28	549	0	0	1
0.381	1	14	39	2	35	28	549	0	0	0
0.381	1	14	39	2	35	28	549	0	0	1
0.382	1	15	39	3	82	28	549	0	0	0
0.382	1	15	39	3	82	28	549	0	0	1
0.383	1	13	39	4	43	28	549	0	0	0
0.383	1	13	39	4	43	28	549	0	0	1
0.384	1	7	39	5	88	28	549	0	0	0
0.384	1	7	39	5	88	28	549	0	0	1
0.385	1	5	39	6	54	28	549	0	0	0
0.385	1	5	39	6	54	28	549	0	0	1
0.386	1	1	39	7	1	28	549	0	0	0
0.386	1	1	39	7	1	28	549	0	0	1
0.387	1	4	39	8	93	28	549	0	0	0
0.387	1	4	39	8	93	28	549	0	0	1
0.388	1	3	39	9	62	28	549	0	0	0
0.388	1	3	39	9	62	28	549	0	0	1
0.389	1	10	39	10	14	28	549	0	0	0
0.389	1	10	39	10	14	28	549	0	0	1
0.39	1	6	40	1	97	28	549	0	0	0
0.39	1	6	40	1	97	28	549	0	0	1
0.391	1	11	40	2	69	28	549	0	0	0
0.391	1	11	40	2	69	28	549	0	0	1
0.392	1	12	40	3	26	28	549	0	0	0
0.392	1	12	40	3	26	28	549	0	0	1
0.393	1	2	40	4	100	28	549	0	0	0
0.393	1	2	40	4	100	28	549	0	0	1
0.394	1	9	40	5	102	28	549	0	0	0
0.394	1	9	40	5	102	28	549	0	0	1
0.395	1	8	40	6	75	28	549	0	0	0
0.395	1	8	40	6	75	28	549	0	0	1
0.396	1	14	40	7	35	28	549	0	0	0
0.396	1	14	40	7	35	28	549	0	0	1
0.397	1	15	40	8	82	28	549	0	0	0
0.397	1	15	40	8	82	28	549	0	0	1
0.398	1	13	40	9	43	28	549	0	0	0
0.398	1	13	40	9	43	28	549	0	0	1
0.399	1	7	40	10	88	28	549	0	0	0
0.399	1	7	40	10	88	28	549	0	0	1
0.4	1	5	41	1	54	28	549	0	0	0
0.4	1	5	41	1	54	28	549	0	0	1
0.401	1	1	41	2	1	28	549	0	0	0
0.401	1	1	41	2	1	28	549	0	0	1
0.402	1	4	41	3	93	28	549	0	0	0
0.402	1	4	41	3	93	28	549	0	0	1
0.403	1	3	41	4	62	28	549	0	0	0
0.403	1	3	41	4	62	28	549	0	0	1
0.404	1	10	41	5	14	28	549	0	0	0
0.404	1	10	41	5	14	28	549	0	0	1
0.405	1	6	41	6	97	28	549	0	0	0
0.405	1	6	41	6	97	28	549	0	0	1
0.406	1	11	41	7	69	28	549	0	0	0
0.406	1	11	41	7	69	28	549	0	0	1
0.407	1	12	41	8	26	28	549	0	0	0
0.407	1	12	41	8	26	28	549	0	0	1
0.408	1	2	41	9	100	28	549	0	0	0
0.408	1	2	41	9	100	28	549	0	0	1
0.409	1	9	41	10	102	28	549	0	0	0
0.409	1	9	41	10	102	28	549	0	0	1
0.41	1	8	42	1	75	28	549	0	0	0
0.41	1	8	42	1	75	28	549	0	0	1
0.411	1	14	42	2	35	28	549	0	0	0
0.411	1	14	42	2	35	28	549	0	0	1
0.412	1	15	42	3	82	28	549	0	0	0
0.412	1	15	42	3	82	28	549	0	0	1
0.413	1	13	42	4	43	28	549	0	0	0
0.413	1	13	42	4	43	28	549	0	0	1
0.414	1	7	42	5	88	28	549	0	0	0
0.414	1	7	42	5	88	28	549	0	0	1
0.415	1	5	42	6	54	28	549	0	0	0
0.415	1	5	42	6	54	28	549	0	0	1
0.416	1	1	42	7	1	28	549	0	0	0
0.416	1	1	42	7	1	28	549	0	0	1
0.417	1	4	42	8	93	28	549	0	0	0
0.417	1	4	42	8	93	28	549	0	0	1
0.418	1	3	42	9	62	28	549	0	0	0
0.418	1	3	42	9	62	28	549	0	0	1
0.419	1	10	42	10	14	28	549	0	0	0
0.419	1	10	42	10	14	28	549	0	0	1
0.42	1	6	43	1	97	28	549	0	0	0
0.42	1	6	43	1	97	28	549	0	0	1
0.421	1	11	43	2	69	28	549	0	0	0
0.421	1	11	43	2	69	28	549	0	0	1
0.422	1	12	43	3	26	28	549	0	0	0
0.422	1	12	43	3	26	28	549	0	0	1
0.423	1	2	43	4	100	28	549	0	0	0
0.423	1	2	43	4	100	28	549	0	0	1
0.424	1	9	43	5	102	28	549	0	0	0
0.424	1	9	43	5	102	28	549	0	0	1
0.425	1	8	43	6	75	28	549	0	0	0
0.425	1	8	43	6	75	28	549	0	0	1
0.426	1	14	43	7	35	28	549	0	0	0
0.426	1	14	43	7	35	28	549	0	0	1
0.427	1	15	43	8	82	28	549	0	0	0
0.427	1	15	43	8	82	28	549	0	0	1
0.428	1	13	43	9	43	28	549	0	0	0
0.428	1	13	43	9	43	28	549	0	0	1
0.429	1	7	43	10	88	28	549	0	0	0
0.429	1	7	43	10	88	28	549	0	0	1
0.43	1	5	44	1	54	28	549	0	0	0
0.43	1	5	44	1	54	28	549	0	0	1
0.431	1	1	44	2	1	28	549	0	0	0
0.431	1	1	44	2	1	28	549	0	0	1
0.432	1	4	44	3	93	28	549	0	0	0
0.432	1	4	44	3	93	28	549	0	0	1
0.433	1	3	44	4	62	28	549	0	0	0
0.433	1	3	44	4	62	28	549	0	0	1
0.434	1	10	44	5	14	28	549	0	0	0
0.434	1	10	44	5	14	28	549	0	0	1
0.435	1	6	44	6	97	28	549	0	0	0
0.435	1	6	44	6	97	28	549	0	0	1
0.436	1	11	44	7	69	28	549	0	0	0
0.436	1	11	44	7	69	28	549	0	0	1
0.437	1	12	44	8	26	28	549	0	0	0
0.437	1	12	44	8	26	28	549	0	0	1
0.438	1	2	44	9	100	28	549	0	0	0
0.438	1	2	44	9	100	28	549	0	0	1
0.439	1	9	44	10	102	28	549	0	0	0
0.439	1	9	44	10	102	28	549	0	0	1
0.44	1	8	45	1	75	28	549	0	0	0
0.44	1	8	45	1	75	28	549	0	0	1
0.441	1	14	45	2	35	28	549	0	0	0
0.441	1	14	45	2	35	28	549	0	0	1
0.442	1	15	45	3	82	28	549	0	0	0
0.442	1	15	45	3	82	28	549	0	0	1
0.443	1	13	45	4	43	28	549	0	0	0
0.443	1	13	45	4	43	28	549	0	0	1
0.444	1	7	45	5	88	28	549	0	0	0
0.444	1	7	45	5	88	28	549	0	0	1
0.445	1	5	45	6	54	28	549	0	0	0
0.445	1	5	45	6	54	28	549	0	0	1
0.446	1	1	45	7	1	28	549	0	0	0
0.446	1	1	45	7	1	28	549	0	0	1
0.447	1	4	45	8	93	28	549	0	0	0
0.447	1	4	45	8	93	28	549	0	0	1
0.448	1	3	45	9	62	28	549	0	0	0
0.448	1	3	45	9	62	28	549	0	0	1
0.449	1	10	45	10	14	28	549	0	0	0
0.449	1	10	45	10	14	28	549	0	0	1
0.45	1	6	46	1	97	28	549	0	0	0
0.45	1	6	46	1	97	28	549	0	0	1
0.451	1	11	46	2	69	28	549	0	0	0
0.451	1	11	46	2	69	28	549	0	0	1
0.452	1	12	46	3	26	28	549	0	0	0
0.452	1	12	46	3	26	28	549	0	0	1
0.453	1	2	46	4	100	28	549	0	0	0
0.453	1	2	46	4	100	28	549	0	0	1
0.454	1	9	46	5	102	28	549	0	0	0
0.454	1	9	46	5	102	28	549	0	0	1
0.455	1	8	46	6	75	28	549	0	0	0
0.455	1	8	46	6	75	28	549	0	0	1
0.456	1	14	46	7	35	28	549	0	0	0
0.456	1	14	46	7	35	28	549	0	0	1
0.457	1	15	46	8	82	28	549	0	0	0
0.457	1	15	46	8	82	28	549	0	0	1
0.458	1	13	46	9	43	28	549	0	0	0
0.458	1	13	46	9	43	28	549	0	0	1
0.459	1	7	46	10	88	28	549	0	0	0
0.459	1	7	46	10	88	28	549	0	0	1
0.46	1	5	47	1	54	28	549	0	0	0
0.46	1	5	47	1	54	28	549	0	0	1
0.461	1	1	47	2	1	28	549	0	0	0
0.461	1	1	47	2	1	28	549	0	0	1
0.462	1	4	47	3	93	28	549	0	0	0
0.462	1	4	47	3	93	28	549	0	0	1
0.463	1	3	47	4	62	28	549	0	0	0
0.463	1	3	47	4	62	28	549	0	0	1
0.464	1	10	47	5	14	28	549	0	0	0
0.464	1	10	47	5	14	28	549	0	0	1
0.465	1	6	47	6	97	28	549	0	0	0
0.465	1	6	47	6	97	28	549	0	0	1
0.466	1	11	47	7	69	28	549	0	0	0
0.466	1	11	47	7	69	28	549	0	0	1
0.467	1	12	47	8	26	28	549	0	0	0
0.467	1	12	47	8	26	28	549	0	0	1
0.468	1	2	47	9	100	28	549	0	0	0
0.468	1	2	47	9	100	28	549	0	0	1
0.469	1	9	47	10	102	28	549	0	0	0
0.469	1	9	47	10	102	28	549	0	0	1
0.47	1	8	48	1	75	28	549	0	0	0
0.47	1	8	48	1	75	28	549	0	0	1
0.471	1	14	48	2	35	28	549	0	0	0
0.471	1	14	48	2	35	28	549	0	0	1
0.472	1	15	48	3	82	28	549	0	0	0
0.472	1	15	48	3	82	28	549	0	0	1
0.473	1	13	48	4	43	28	549	0	0	0
0.473	1	13	48	4	43	28	549	0	0	1
0.474	1	7	48	5	88	28	549	0	0	0
0.474	1	7	48	5	88	28	549	0	0	1
0.475	1	5	48	6	54	28	549	0	0	0
0.475	1	5	48	6	54	28	549	0	0	1
0.476	1	1	48	7	1	28	549	0	0	0
0.476	1	1	48	7	1	28	549	0	0	1
0.477	1	4	48	8	93	28	549	0	0	0
0.477	1	4	48	8	93	28	549	0	0	1
0.478	1	3	48	9	62	28	549	0	0	0
0.478	1	3	48	9	62	28	549	0	0	1
0.479	1	10	48	10	14	28	549	0	0	0
0.479	1	10	48	10	14	28	549	0	0	1
0.48	1	6	49	1	97	28	549	0	0	0
0.48	1	6	49	1	97	28	549	0	0	1
0.481	1	11	49	2	69	28	549	0	0	0
0.481	1	11	49	2	69	28	549	0	0	1
0.482	1	12	49	3	26	28	549	0	0	0
0.482	1	12	49	3	26	28	549	0	0	1
0.483	1	2	49	4	100	28	549	0	0	0
0.483	1	2	49	4	100	28	549	0	0	1
0.484	1	9	49	5	102	28	549	0	0	0
0.484	1	9	49	5	102	28	549	0	0	1
0.485	1	8	49	6	75	28	549	0	0	0
0.485	1	8	49	6	75	28	549	0	0	1
0.486	1	14	49	7	35	28	549	0	0	0
0.486	1	14	49	7	35	28	549	0	0	1
0.487	1	15	49	8	82	28	549	0	0	0
0.487	1	15	49	8	82	28	549	0	0	1
0.488	1	13	49	9	43	28	549	0	0	0
0.488	1	13	49	9	43	28	549	0	0	1
0.489	1	7	49	10	88	28	549	0	0	0
0.489	1	7	49	10	88	28	549	0	0	1
0.49	1	5	50	1	54	28	549	0	0	0
0.49	1	5	50	1	54	28	549	0	0	1
0.491	1	1	50	2	1	28	549	0	0	0
0.491	1	1	50	2	1	28	549	0	0	1
0.492	1	4	50	3	93	28	549	0	0	0
0.492	1	4	50	3	93	28	549	0	0	1
0.493	1	3	50	4	62	28	549	0	0	0
0.493	1	3	50	4	62	28	549	0	0	1
0.494	1	10	50	5	14	28	549	0	0	0
0.494	1	10	50	5	14	28	549	0	0	1
0.495	1	6	50	6	97	28	549	0	0	0
0.495	1	6	50	6	97	28	549	0	0	1
0.496	1	11	50	7	69	28	549	0	0	0
0.496	1	11	50	7	69	28	549	0	0	1
0.497	1	12	50	8	26	28	549	0	0	0
0.497	1	12	50	8	26	28	549	0	0	1
0.498	1	2	50	9	100	28	549	0	0	0
0.498	1	2	50	9	100	28	549	0	0	1
0.499	1	9	50	10	102	28	549	0	0	0
0.499	1	9	50	10	102	28	549	0	0	1
0.5	1	8	51	1	75	28	549	0	0	0
0.5	1	8	51	1	75	28	549	0	0	1
0.501	1	14	51	2	35	28	549	0	0	0
0.501	1	14	51	2	35	28	549	0	0	1
0.502	1	15	51	3	82	28	549	0	0	0
0.502	1	15	51	3	82	28	549	0	0	1
0.503	1	13	51	4	43	28	549	0	0	0
0.503	1	13	51	4	43	28	549	0	0	1
0.504	1	7	51	5	88	28	549	0	0	0
0.504	1	7	51	5	88	28	549	0	0	1
0.505	1	5	51	6	54	28	549	0	0	0
0.505	1	5	51	6	54	28	549	0	0	1
0.506	1	1	51	7	1	28	549	0	0	0
0.506	1	1	51	7	1	28	549	0	0	1
0.507	1	4	51	8	93	28	549	0	0	0
0.507	1	4	51	8	93	28	549	0	0	1
0.508	1	3	51	9	62	28	549	0	0	0
0.508	1	3	51	9	62	28	549	0	0	1
0.509	1	10	51	10	14	28	549	0	0	0
0.509	1	10	51	10	14	28	549	0	0	1
0.51	1	6	52	1	97	28	549	0	0	0
0.51	1	6	52	1	97	28	549	0	0	1
0.511	1	11	52	2	69	28	549	0	0	0
0.511	1	11	52	2	69	28	549	0	0	1
0.512	1	12	52	3	26	28	549	0	0	0
0.512	1	12	52	3	26	28	549	0	0	1
0.513	1	2	52	4	100	28	549	0	0	0
0.513	1	2	52	4	100	28	549	0	0	1
0.514	1	9	52	5	102	28	549	0	0	0
0.514	1	9	52	5	102	28	549	0	0	1
0.515	1	8	52	6	75	28	549	0	0	0
0.515	1	8	52	6	75	28	549	0	0	1
0.516	1	14	52	7	35	28	549	0	0	0
0.516	1	14	52	7	35	28	549	0	0	1
0.517	1	15	52	8	82	28	549	0	0	0
0.517	1	15	52	8	82	28	549	0	0	1
0.518	1	13	52	9	43	28	549	0	0	0
0.518	1	13	52	9	43	28	549	0	0	1
0.519	1	7	52	10	88	28	549	0	0	0
0.519	1	7	52	10	88	28	549	0	0	1
0.52	1	5	53	1	54	28	549	0	0	0
0.52	1	5	53	1	54	28	549	0	0	1
0.521	1	1	53	2	1	28	549	0	0	0
0.521	1	1	53	2	1	28	549	0	0	1
0.522	1	4	53	3	93	28	549	0	0	0
0.522	1	4	53	3	93	28	549	0	0	1
0.523	1	3	53	4	62	28	549	0	0	0
0.523	1	3	53	4	62	28	549	0	0	1
0.524	1	10	53	5	14	28	549	0	0	0
0.524	1	10	53	5	14	28	549	0	0	1
0.525	1	6	53	6	97	28	549	0	0	0
0.525	1	6	53	6	97	28	549	0	0	1
0.526	1	11	53	7	69	28	549	0	0	0
0.526	1	11	53	7	69	28	549	0	0	1
0.527	1	12	53	8	26	28	549	0	0	0
0.527	1	12	53	8	26	28	549	0	0	1
0.528	1	2	53	9	100	28	549	0	0	0
0.528	1	2	53	9	100	28	549	0	0	1
0.529	1	9	53	10	102	28	549	0	0	0
0.529	1	9	53	10	102	28	549	0	0	1
0.53	1	8	54	1	75	28	549	0	0	0
0.53	1	8	54	1	75	28	549	0	0	1
0.531	1	14	54	2	35	28	549	0	0	0
0.531	1	14	54	2	35	28	549	0	0	1
0.532	1	15	54	3	82	28	549	0	0	0
0.532	1	15	54	3	82	28	549	0	0	1
0.533	1	13	54	4	43	28	549	0	0	0
0.533	1	13	54	4	43	28	549	0	0	1
0.534	1	7	54	5	88	28	549	0	0	0
0.534	1	7	54	5	88	28	549	0	0	1
0.535	1	5	54	6	54	28	549	0	0	0
0.535	1	5	54	6	54	28	549	0	0	1
0.536	1	1	54	7	1	28	549	0	0	0
0.536	1	1	54	7	1	28	549	0	0	1
0.537	1	4	54	8	93	28	549	0	0	0
0.537	1	4	54	8	93	28	549	0	0	1
0.538	1	3	54	9	62	28	549	0	0	0
0.538	1	3	54	9	62	28	549	0	0	1
0.539	1	10	54	10	14	28	549	0	0	0
0.539	1	10	54	10	14	28	549	0	0	1
0.54	1	6	55	1	97	28	549	0	0	0
0.54	1	6	55	1	97	28	549	0	0	1
0.541	1	11	55	2	69	28	549	0	0	0
0.541	1	11	55	2	69	28	549	0	0	1
0.542	1	12	55	3	26	28	549	0	0	0
0.542	1	12	55	3	26	28	549	0	0	1
0.543	1	2	55	4	100	28	549	0	0	0
0.543	1	2	55	4	100	28	549	0	0	1
0.544	1	9	55	5	102	28	549	0	0	0
0.544	1	9	55	5	102	28	549	0	0	1
0.545	1	8	55	6	75	28	549	0	0	0
0.545	1	8	55	6	75	28	549	0	0	1
0.546	1	14	55	7	35	28	549	0	0	0
0.546	1	14	55	7	35	28	549	0	0	1
0.547	1	15	55	8	82	28	549	0	0	0
0.547	1	15	55	8	82	28	549	0	0	1
0.548	1	13	55	9	43	28	549	0	0	0
0.548	1	13	55	9	43	28	549	0	0	1
0.549	1	7	55	10	88	28	549	0	0	0
0.549	1	7	55	10	88	28	549	0	0	1
0.55	1	5	56	1	54	28	549	0	0	0
0.55	1	5	56	1	54	28	549	0	0	1
0.551	1	1	56	2	1	28	549	0	0	0
0.551	1	1	56	2	1	28	549	0	0	1
0.552	1	4	56	3	93	28	549	0	0	0
0.552	1	4	56	3	93	28	549	0	0	1
0.553	1	3	56	4	62	28	549	0	0	0
0.553	1	3	56	4	62	28	549	0	0	1
0.554	1	10	56	5	14	28	549	0	0	0
0.554	1	10	56	5	14	28	549	0	0	1
0.555	1	6	56	6	97	28	549	0	0	0
0.555	1	6	56	6	97	28	549	0	0	1
0.556	1	11	56	7	69	28	549	0	0	0
0.556	1	11	56	7	69	28	549	0	0	1
0.557	1	12	56	8	26	28	549	0	0	0
0.557	1	12	56	8	26	28	549	0	0	1
0.558	1	2	56	9	100	28	549	0	0	0
0.558	1	2	56	9	100	28	549	0	0	1
0.559	1	9	56	10	102	28	549	0	0	0
0.559	1	9	56	10	102	28	549	0	0	1
0.56	1	8	57	1	75	28	549	0	0	0
0.56	1	8	57	1	75	28	549	0	0	1
0.561	1	14	57	2	35	28	549	0	0	0
0.561	1	14	57	2	35	28	549	0	0	1
0.562	1	15	57	3	82	28	549	0	0	0
0.562	1	15	57	3	82	28	549	0	0	1
0.563	1	13	57	4	43	28	549	0	0	0
0.563	1	13	57	4	43	28	549	0	0	1
0.564	1	7	57	5	88	28	549	0	0	0
0.564	1	7	57	5	88	28	549	0	0	1
0.565	1	5	57	6	54	28	549	0	0	0
0.565	1	5	57	6	54	28	549	0	0	1
0.566	1	1	57	7	1	28	549	0	0	0
0.566	1	1	57	7	1	28	549	0	0	1
0.567	1	4	57	8	93	28	549	0	0	0
0.567	1	4	57	8	93	28	549	0	0	1
0.568	1	3	57	9	62	28	549	0	0	0
0.568	1	3	57	9	62	28	549	0	0	1
0.569	1	10	57	10	14	28	549	0	0	0
0.569	1	10	57	10	14	28	549	0	0	1
0.57	1	6	58	1	97	28	549	0	0	0
0.57	1	6	58	1	97	28	549	0	0	1
0.571	1	11	58	2	69	28	549	0	0	0
0.571	1	11	58	2	69	28	549	0	0	1
0.572	1	12	58	3	26	28	549	0	0	0
0.572	1	12	58	3	26	28	549	0	0	1
0.573	1	2	58	4	100	28	549	0	0	0
0.573	1	2	58	4	100	28	549	0	0	1
0.574	1	9	58	5	102	28	549	0	0	0
0.574	1	9	58	5	102	28	549	0	0	1
0.575	1	8	58	6	75	28	549	0	0	0
0.575	1	8	58	6	75	28	549	0	0	1
0.576	1	14	58	7	35	28	549	0	0	0
0.576	1	14	58	7	35	28	549	0	0	1
0.577	1	15	58	8	82	28	549	0	0	0
0.577	1	15	58	8	82	28	549	0	0	1
0.578	1	13	58	9	43	28	549	0	0	0
0.578	1	13	58	9	43	28	549	0	0	1
0.579	1	7	58	10	88	28	549	0	0	0
0.579	1	7	58	10	88	28	549	0	0	1
0.58	1	5	59	1	54	28	549	0	0	0
0.58	1	5	59	1	54	28	549	0	0	1
0.581	1	1	59	2	1	28	549	0	0	0
0.581	1	1	59	2	1	28	549	0	0	1
0.582	1	4	59	3	93	28	549	0	0	0
0.582	1	4	59	3	93	28	549	0	0	1
0.583	1	3	59	4	62	28	549	0	0	0
0.583	1	3	59	4	62	28	549	0	0	1
0.584	1	10	59	5	14	28	549	0	0	0
0.584	1	10	59	5	14	28	549	0	0	1
0.585	1	6	59	6	97	28	549	0	0	0
0.585	1	6	59	6	97	28	549	0	0	1
0.586	1	11	59	7	69	28	549	0	0	0
0.586	1	11	59	7	69	28	549	0	0	1
0.587	1	12	59	8	26	28	549	0	0	0
0.587	1	12	59	8	26	28	549	0	0	1
0.588	1	2	59	9	100	28	549	0	0	0
0.588	1	2	59	9	100	28	549	0	0	1
0.589	1	9	59	10	102	28	549	0	0	0
0.589	1	9	59	10	102	28	549	0	0	1
0.59	1	8	60	1	75	28	549	0	0	0
0.59	1	8	60	1	75	28	549	0	0	1
0.591	1	14	60	2	35	28	549	0	0	0
0.591	1	14	60	2	35	28	549	0	0	1
0.592	1	15	60	3	82	28	549	0	0	0
0.592	1	15	60	3	82	28	549	0	0	1
0.593	1	13	60	4	43	28	549	0	0	0
0.593	1	13	60	4	43	28	549	0	0	1
0.594	1	7	60	5	88	28	549	0	0	0
0.594	1	7	60	5	88	28	549	0	0	1
0.595	1	5	60	6	54	28	549	0	0	0
0.595	1	5	60	6	54	28	549	0	0	1
0.596	1	1	60	7	1	28	549	0	0	0
0.596	1	1	60	7	1	28	549	0	0	1
0.597	1	4	60	8	93	28	549	0	0	0
0.597	1	4	60	8	93	28	549	0	0	1
0.598	1	3	60	9	62	28	549	0	0	0
0.598	1	3	60	9	62	28	549	0	0	1
0.599	1	10	60	10	14	28	549	0	0	0
0.599	1	10	60	10	14	28	549	0	0	1
0.6	1	6	61	1	97	28	549	0	0	0
0.6	1	6	61	1	97	28	549	0	0	1
0.601	1	11	61	2	69	28	549	0	0	0
0.601	1	11	61	2	69	28	549	0	0	1
0.602	1	12	61	3	26	28	549	0	0	0
0.602	1	12	61	3	26	28	549	0	0	1
0.603	1	2	61	4	100	28	549	0	0	0
0.603	1	2	61	4	100	28	549	0	0	1
0.604	1	9	61	5	102	28	549	0	0	0
0.604	1	9	61	5	102	28	549	0	0	1
0.605	1	8	61	6	75	28	549	0	0	0
0.605	1	8	61	6	75	28	549	0	0	1
0.606	1	14	61	7	35	28	549	0	0	0
0.606	1	14	61	7	35	28	549	0	0	1
0.607	1	15	61	8	82	28	549	0	0	0
0.607	1	15	61	8	82	28	549	0	0	1
0.608	1	13	61	9	43	28	549	0	0	0
0.608	1	13	61	9	43	28	549	0	0	1
0.609	1	7	61	10	88	28	549	0	0	0
0.609	1	7	61	10	88	28	549	0	0	1
0.61	1	5	62	1	54	28	549	0	0	0
0.61	1	5	62	1	54	28	549	0	0	1
0.611	1	1	62	2	1	28	549	0	0	0
0.611	1	1	62	2	1	28	549	0	0	1
0.612	1	4	62	3	93	28	549	0	0	0
0.612	1	4	62	3	93	28	549	0	0	1
0.613	1	3	62	4	62	28	549	0	0	0
0.613	1	3	62	4	62	28	549	0	0	1
0.614	1	10	62	5	14	28	549	0	0	0
0.614	1	10	62	5	14	28	549	0	0	1
0.615	1	6	62	6	97	28	549	0	0	0
0.615	1	6	62	6	97	28	549	0	0	1
0.616	1	11	62	7	69	28	549	0	0	0
0.616	1	11	62	7	69	28	549	0	0	1
0.617	1	12	62	8	26	28	549	0	0	0
0.617	1	12	62	8	26	28	549	0	0	1
0.618	1	2	62	9	100	28	549	0	0	0
0.618	1	2	62	9	100	28	549	0	0	1
0.619	1	9	62	10	102	28	549	0	0	0
0.619	1	9	62	10	102	28	549	0	0	1
0.62	1	8	63	1	75	28	549	0	0	0
0.62	1	8	63	1	75	28	549	0	0	1
0.621	1	14	63	2	35	28	549	0	0	0
0.621	1	14	63	2	35	28	549	0	0	1
0.622	1	15	63	3	82	28	549	0	0	0
0.622	1	15	63	3	82	28	549	0	0	1
0.623	1	13	63	4	43	28	549	0	0	0
0.623	1	13	63	4	43	28	549	0	0	1
0.624	1	7	63	5	88	28	549	0	0	0
0.624	1	7	63	5	88	28	549	0	0	1
0.625	1	5	63	6	54	28	549	0	0	0
0.625	1	5	63	6	54	28	549	0	0	1
0.626	1	1	63	7	1	28	549	0	0	0
0.626	1	1	63	7	1	28	549	0	0	1
0.627	1	4	63	8	93	28	549	0	0	0
0.627	1	4	63	8	93	28	549	0	0	1
0.628	1	3	63	9	62	28	549	0	0	0
0.628	1	3	63	9	62	28	549	0	0	1
0.629	1	10	63	10	14	28	549	0	0	0
0.629	1	10	63	10	14	28	549	0	0	1
0.63	1	6	64	1	97	28	549	0	0	0
0.63	1	6	64	1	97	28	549	0	0	1
0.631	1	11	64	2	69	28	549	0	0	0
0.631	1	11	64	2	69	28	549	0	0	1
0.632	1	12	64	3	26	28	549	0	0	0
0.632	1	12	64	3	26	28	549	0	0	1
0.633	1	2	64	4	100	28	549	0	0	0
0.633	1	2	64	4	100	28	549	0	0	1
0.634	1	9	64	5	102	28	549	0	0	0
0.634	1	9	64	5	102	28	549	0	0	1
0.635	1	8	64	6	75	28	549	0	0	0
0.635	1	8	64	6	75	28	549	0	0	1
0.636	1	14	64	7	35	28	549	0	0	0
0.636	1	14	64	7	35	28	549	0	0	1
0.637	1	15	64	8	82	28	549	0	0	0
0.637	1	15	64	8	82	28	549	0	0	1
0.638	1	13	64	9	43	28	549	0	0	0
0.638	1	13	64	9	43	28	549	0	0	1
0.639	1	7	64	10	88	28	549	0	0	0
0.639	1	7	64	10	88	28	549	0	0	1
0.64	1	5	65	1	54	28	549	0	0	0
0.64	1	5	65	1	54	28	549	0	0	1
0.641	1	1	65	2	1	28	549	0	0	0
0.641	1	1	65	2	1	28	549	0	0	1
0.642	1	4	65	3	93	28	549	0	0	0
0.642	1	4	65	3	93	28	549	0	0	1
0.643	1	3	65	4	62	28	549	0	0	0
0.643	1	3	65	4	62	28	549	0	0	1
0.644	1	10	65	5	14	28	549	0	0	0
0.644	1	10	65	5	14	28	549	0	0	1
0.645	1	6	65	6	97	28	549	0	0	0
0.645	1	6	65	6	97	28	549	0	0	1
0.646	1	11	65	7	69	28	549	0	0	0
0.646	1	11	65	7	69	28	549	0	0	1
0.647	1	12	65	8	26	28	549	0	0	0
0.647	1	12	65	8	26	28	549	0	0	1
0.648	1	2	65	9	100	28	549	0	0	0
0.648	1	2	65	9	100	28	549	0	0	1
0.649	1	9	65	10	102	28	549	0	0	0
0.649	1	9	65	10	102	28	549	0	0	1
0.65	1	8	66	1	75	28	549	0	0	0
0.65	1	8	66	1	75	28	549	0	0	1
0.651	1	14	66	2	35	28	549	0	0	0
0.651	1	14	66	2	35	28	549	0	0	1
0.652	1	15	66	3	82	28	549	0	0	0
0.652	1	15	66	3	82	28	549	0	0	1
0.653	1	13	66	4	43	28	549	0	0	0
0.653	1	13	66	4	43	28	549	0	0	1
0.654	1	7	66	5	88	28	549	0	0	0
0.654	1	7	66	5	88	28	549	0	0	1
0.655	1	5	66	6	54	28	549	0	0	0
0.655	1	5	66	6	54	28	549	0	0	1
0.656	1	1	66	7	1	28	549	0	0	0
0.656	1	1	66	7	1	28	549	0	0	1
0.657	1	4	66	8	93	28	549	0	0	0
0.657	1	4	66	8	93	28	549	0	0	1
0.658	1	3	66	9	62	28	549	0	0	0
0.658	1	3	66	9	62	28	549	0	0	1
0.659	1	10	66	10	14	28	549	0	0	0
0.659	1	10	66	10	14	28	549	0	0	1
0.66	1	6	67	1	97	28	549	0	0	0
0.66	1	6	67	1	97	28	549	0	0	1
0.661	1	11	67	2	69	28	549	0	0	0
0.661	1	11	67	2	69	28	549	0	0	1
0.662	1	12	67	3	26	28	549	0	0	0
0.662	1	12	67	3	26	28	549	0	0	1
0.663	1	2	67	4	100	28	549	0	0	0
0.663	1	2	67	4	100	28	549	0	0	1
0.664	1	9	67	5	102	28	549	0	0	0
0.664	1	9	67	5	102	28	549	0	0	1
0.665	1	8	67	6	75	28	549	0	0	0
0.665	1	8	67	6	75	28	549	0	0	1
0.666	1	14	67	7	35	28	549	0	0	0
0.666	1	14	67	7	35	28	549	0	0	1
0.667	1	15	67	8	82	28	549	0	0	0
0.667	1	15	67	8	82	28	549	0	0	1
0.668	1	13	67	9	43	28	549	0	0	0
0.668	1	13	67	9	43	28	549	0	0	1
0.669	1	7	67	10	88	28	549	0	0	0
0.669	1	7	67	10	88	28	549	0	0	1
0.67	1	5	68	1	54	28	549	0	0	0
0.67	1	5	68	1	54	28	549	0	0	1
0.671	1	1	68	2	1	28	549	0	0	0
0.671	1	1	68	2	1	28	549	0	0	1
0.672	1	4	68	3	93	28	549	0	0	0
0.672	1	4	68	3	93	28	549	0	0	1
0.673	1	3	68	4	62	28	549	0	0	0
0.673	1	3	68	4	62	28	549	0	0	1
0.674	1	10	68	5	14	28	549	0	0	0
0.674	1	10	68	5	14	28	549	0	0	1
0.675	1	6	68	6	97	28	549	0	0	0
0.675	1	6	68	6	97	28	549	0	0	1
0.676	1	11	68	7	69	28	549	0	0	0
0.676	1	11	68	7	69	28	549	0	0	1
0.677	1	12	68	8	26	28	549	0	0	0
0.677	1	12	68	8	26	28	549	0	0	1
0.678	1	2	68	9	100	28	549	0	0	0
0.678	1	2	68	9	100	28	549	0	0	1
0.679	1	9	68	10	102	28	549	0	0	0
0.679	1	9	68	10	102	28	549	0	0	1
0.68	1	8	69	1	75	28	549	0	0	0
0.68	1	8	69	1	75	28	549	0	0	1
0.681	1	14	69	2	35	28	549	0	0	0
0.681	1	14	69	2	35	28	549	0	0	1
0.682	1	15	69	3	82	28	549	0	0	0
0.682	1	15	69	3	82	28	549	0	0	1
0.683	1	13	69	4	43	28	549	0	0	0
0.683	1	13	69	4	43	28	549	0	0	1
0.684	1	7	69	5	88	28	549	0	0	0
0.684	1	7	69	5	88	28	549	0	0	1
0.685	1	5	69	6	54	28	549	0	0	0
0.685	1	5	69	6	54	28	549	0	0	1
0.686	1	1	69	7	1	28	549	0	0	0
0.686	1	1	69	7	1	28	549	0	0	1
0.687	1	4	69	8	93	28	549	0	0	0
0.687	1	4	69	8	93	28	549	0	0	1
0.688	1	3	69	9	62	28	549	0	0	0
0.688	1	3	69	9	62	28	549	0	0	1
0.689	1	10	69	10	14	28	549	0	0	0
0.689	1	10	69	10	14	28	549	0	0	1
0.69	1	6	70	1	97	28	549	0	0	0
0.69	1	6	70	1	97	28	549	0	0	1
0.691	1	11	70	2	69	28	549	0	0	0
0.691	1	11	70	2	69	28	549	0	0	1
0.692	1	12	70	3	26	28	549	0	0	0
0.692	1	12	70	3	26	28	549	0	0	1
0.693	1	2	70	4	100	28	549	0	0	0
0.693	1	2	70	4	100	28	549	0	0	1
0.694	1	9	70	5	102	28	549	0	0	0
0.694	1	9	70	5	102	28	549	0	0	1
0.695	1	8	70	6	75	28	549	0	0	0
0.695	1	8	70	6	75	28	549	0	0	1
0.696	1	14	70	7	35	28	549	0	0	0
0.696	1	14	70	7	35	28	549	0	0	1
0.697	1	15	70	8	82	28	549	0	0	0
0.697	1	15	70	8	82	28	549	0	0	1
0.698	1	13	70	9	43	28	549	0	0	0
0.698	1	13	70	9	43	28	549	0	0	1
0.699	1	7	70	10	88	28	549	0	0	0
0.699	1	7	70	10	88	28	549	0	0	1
0.7	1	5	71	1	54	28	549	0	0	0
0.7	1	5	71	1	54	28	549	0	0	1
0.701	1	1	71	2	1	28	549	0	0	0
0.701	1	1	71	2	1	28	549	0	0	1
0.702	1	4	71	3	93	28	549	0	0	0
0.702	1	4	71	3	93	28	549	0	0	1
0.703	1	3	71	4	62	28	549	0	0	0
0.703	1	3	71	4	62	28	549	0	0	1
0.704	1	10	71	5	14	28	549	0	0	0
0.704	1	10	71	5	14	28	549	0	0	1
0.705	1	6	71	6	97	28	549	0	0	0
0.705	1	6	71	6	97	28	549	0	0	1
0.706	1	11	71	7	69	28	549	0	0	0
0.706	1	11	71	7	69	28	549	0	0	1
0.707	1	12	71	8	26	28	549	0	0	0
0.707	1	12	71	8	26	28	549	0	0	1
0.708	1	2	71	9	100	28	549	0	0	0
0.708	1	2	71	9	100	28	549	0	0	1
0.709	1	9	71	10	102	28	549	0	0	0
0.709	1	9	71	10	102	28	549	0	0	1
0.71	1	8	72	1	75	28	549	0	0	0
0.71	1	8	72	1	75	28	549	0	0	1
0.711	1	14	72	2	35	28	549	0	0	0
0.711	1	14	72	2	35	28	549	0	0	1
0.712	1	15	72	3	82	28	549	0	0	0
0.712	1	15	72	3	82	28	549	0	0	1
0.713	1	13	72	4	43	28	549	0	0	0
0.713	1	13	72	4	43	28	549	0	0	1
0.714	1	7	72	5	88	28	549	0	0	0
0.714	1	7	72	5	88	28	549	0	0	1
0.715	1	5	72	6	54	28	549	0	0	0
0.715	1	5	72	6	54	28	549	0	0	1
0.716	1	1	72	7	1	28	549	0	0	0
0.716	1	1	72	7	1	28	549	0	0	1
0.717	1	4	72	8	93	28	549	0	0	0
0.717	1	4	72	8	93	28	549	0	0	1
0.718	1	3	72	9	62	28	549	0	0	0
0.718	1	3	72	9	62	28	549	0	0	1
0.719	1	10	72	10	14	28	549	0	0	0
0.719	1	10	72	10	14	28	549	0	0	1
0.72	1	6	73	1	97	28	549	0	0	0
0.72	1	6	73	1	97	28	549	0	0	1
0.721	1	11	73	2	69	28	549	0	0	0
0.721	1	11	73	2	69	28	549	0	0	1
0.722	1	12	73	3	26	28	549	0	0	0
0.722	1	12	73	3	26	28	549	0	0	1
0.723	1	2	73	4	100	28	549	0	0	0
0.723	1	2	73	4	100	28	549	0	0	1
0.724	1	9	73	5	102	28	549	0	0	0
0.724	1	9	73	5	102	28	549	0	0	1
0.725	1	8	73	6	75	28	549	0	0	0
0.725	1	8	73	6	75	28	549	0	0	1
0.726	1	14	73	7	35	28	549	0	0	0
0.726	1	14	73	7	35	28	549	0	0	1
0.727	1	15	73	8	82	28	549	0	0	0
0.727	1	15	73	8	82	28	549	0	0	1
0.728	1	13	73	9	43	28	549	0	0	0
0.728	1	13	73	9	43	28	549	0	0	1
0.729	1	7	73	10	88	28	549	0	0	0
0.729	1	7	73	10	88	28	549	0	0	1
0.73	1	5	74	1	54	28	549	0	0	0
0.73	1	5	74	1	54	28	549	0	0	1
0.731	1	1	74	2	1	28	549	0	0	0
0.731	1	1	74	2	1	28	549	0	0	1
0.732	1	4	74	3	93	28	549	0	0	0
0.732	1	4	74	3	93	28	549	0	0	1
0.733	1	3	74	4	62	28	549	0	0	0
0.733	1	3	74	4	62	28	549	0	0	1
0.734	1	10	74	5	14	28	549	0	0	0
0.734	1	10	74	5	14	28	549	0	0	1
0.735	1	6	74	6	97	28	549	0	0	0
0.735	1	6	74	6	97	28	549	0	0	1
0.736	1	11	74	7	69	28	549	0	0	0
0.736	1	11	74	7	69	28	549	0	0	1
0.737	1	12	74	8	26	28	549	0	0	0
0.737	1	12	74	8	26	28	549	0	0	1
0.738	1	2	74	9	100	28	549	0	0	0
0.738	1	2	74	9	100	28	549	0	0	1
0.739	1	9	74	10	102	28	549	0	0	0
0.739	1	9	74	10	102	28	549	0	0	1
0.74	1	8	75	1	75	28	549	0	0	0
0.74	1	8	75	1	75	28	549	0	0	1
0.741	1	14	75	2	35	28	549	0	0	0
0.741	1	14	75	2	35	28	549	0	0	1
0.742	1	15	75	3	82	28	549	0	0	0
0.742	1	15	75	3	82	28	549	0	0	1
0.743	1	13	75	4	43	28	549	0	0	0
0.743	1	13	75	4	43	28	549	0	0	1
0.744	1	7	75	5	88	28	549	0	0	0
0.744	1	7	75	5	88	28	549	0	0	1
0.745	1	5	75	6	54	28	549	0	0	0
0.745	1	5	75	6	54	28	549	0	0	1
0.746	1	1	75	7	1	28	549	0	0	0
0.746	1	1	75	7	1	28	549	0	0	1
0.747	1	4	75	8	93	28	549	0	0	0
0.747	1	4	75	8	93	28	549	0	0	1
0.748	1	3	75	9	62	28	549	0	0	0
0.748	1	3	75	9	62	28	549	0	0	1
0.749	1	10	75	10	14	28	549	0	0	0
0.749	1	10	75	10	14	28	549	0	0	1
0.75	1	6	76	1	97	28	549	0	0	0
0.75	1	6	76	1	97	28	549	0	0	1
0.751	1	11	76	2	69	28	549	0	0	0
0.751	1	11	76	2	69	28	549	0	0	1
0.752	1	12	76	3	26	28	549	0	0	0
0.752	1	12	76	3	26	28	549	0	0	1
0.753	1	2	76	4	100	28	549	0	0	0
0.753	1	2	76	4	100	28	549	0	0	1
0.754	1	9	76	5	102	28	549	0	0	0
0.754	1	9	76	5	102	28	549	0	0	1
0.755	1	8	76	6	75	28	549	0	0	0
0.755	1	8	76	6	75	28	549	0	0	1
0.756	1	14	76	7	35	28	549	0	0	0
0.756	1	14	76	7	35	28	549	0	0	1
0.757	1	15	76	8	82	28	549	0	0	0
0.757	1	15	76	8	82	28	549	0	0	1
0.758	1	13	76	9	43	28	549	0	0	0
0.758	1	13	76	9	43	28	549	0	0	1
0.759	1	7	76	10	88	28	549	0	0	0
0.759	1	7	76	10	88	28	549	0	0	1
0.76	1	5	77	1	54	28	549	0	0	0
0.76	1	5	77	1	54	28	549	0	0	1
0.761	1	1	77	2	1	28	549	0	0	0
0.761	1	1	77	2	1	28	549	0	0	1
0.762	1	4	77	3	93	28	549	0	0	0
0.762	1	4	77	3	93	28	549	0	0	1
0.763	1	3	77	4	62	28	549	0	0	0
0.763	1	3	77	4	62	28	549	0	0	1
0.764	1	10	77	5	14	28	549	0	0	0
0.764	1	10	77	5	14	28	549	0	0	1
0.765	1	6	77	6	97	28	549	0	0	0
0.765	1	6	77	6	97	28	549	0	0	1
0.766	1	11	77	7	69	28	549	0	0	0
0.766	1	11	77	7	69	28	549	0	0	1
0.767	1	12	77	8	26	28	549	0	0	0
0.767	1	12	77	8	26	28	549	0	0	1
0.768	1	2	77	9	100	28	549	0	0	0
0.768	1	2	77	9	100	28	549	0	0	1
0.769	1	9	77	10	102	28	549	0	0	0
0.769	1	9	77	10	102	28	549	0	0	1
0.77	1	8	78	1	75	28	549	0	0	0
0.77	1	8	78	1	75	28	549	0	0	1
0.771	1	14	78	2	35	28	549	0	0	0
0.771	1	14	78	2	35	28	549	0	0	1
0.772	1	15	78	3	82	28	549	0	0	0
0.772	1	15	78	3	82	28	549	0	0	1
0.773	1	13	78	4	43	28	549	0	0	0
0.773	1	13	78	4	43	28	549	0	0	1
0.774	1	7	78	5	88	28	549	0	0	0
0.774	1	7	78	5	88	28	549	0	0	1
0.775	1	5	78	6	54	28	549	0	0	0
0.775	1	5	78	6	54	28	549	0	0	1
0.776	1	1	78	7	1	28	549	0	0	0
0.776	1	1	78	7	1	28	549	0	0	1
0.777	1	4	78	8	93	28	549	0	0	0
0.777	1	4	78	8	93	28	549	0	0	1
0.778	1	3	78	9	62	28	549	0	0	0
0.778	1	3	78	9	62	28	549	0	0	1
0.779	1	10	78	10	14	28	549	0	0	0
0.779	1	10	78	10	14	28	549	0	0	1
0.78	1	6	79	1	97	28	549	0	0	0
0.78	1	6	79	1	97	28	549	0	0	1
0.781	1	11	79	2	69	28	549	0	0	0
0.781	1	11	79	2	69	28	549	0	0	1
0.782	1	12	79	3	26	28	549	0	0	0
0.782	1	12	79	3	26	28	549	0	0	1
0.783	1	2	79	4	100	28	549	0	0	0
0.783	1	2	79	4	100	28	549	0	0	1
0.784	1	9	79	5	102	28	549	0	0	0
0.784	1	9	79	5	102	28	549	0	0	1
0.785	1	8	79	6	75	28	549	0	0	0
0.785	1	8	79	6	75	28	549	0	0	1
0.786	1	14	79	7	35	28	549	0	0	0
0.786	1	14	79	7	35	28	549	0	0	1
0.787	1	15	79	8	82	28	549	0	0	0
0.787	1	15	79	8	82	28	549	0	0	1
0.788	1	13	79	9	43	28	549	0	0	0
0.788	1	13	79	9	43	28	549	0	0	1
0.789	1	7	79	10	88	28	549	0	0	0
0.789	1	7	79	10	88	28	549	0	0	1
0.79	1	5	80	1	54	28	549	0	0	0
0.79	1	5	80	1	54	28	549	0	0	1
0.791	1	1	80	2	1	28	549	0	0	0
0.791	1	1	80	2	1	28	549	0	0	1
0.792	1	4	80	3	93	28	549	0	0	0
0.792	1	4	80	3	93	28	549	0	0	1
0.793	1	3	80	4	62	28	549	0	0	0
0.793	1	3	80	4	62	28	549	0	0	1
0.794	1	10	80	5	14	28	549	0	0	0
0.794	1	10	80	5	14	28	549	0	0	1
0.795	1	6	80	6	97	28	549	0	0	0
0.795	1	6	80	6	97	28	549	0	0	1
0.796	1	11	80	7	69	28	549	0	0	0
0.796	1	11	80	7	69	28	549	0	0	1
0.797	1	12	80	8	26	28	549	0	0	0
0.797	1	12	80	8	26	28	549	0	0	1
0.798	1	2	80	9	100	28	549	0	0	0
0.798	1	2	80	9	100	28	549	0	0	1
0.799	1	9	80	10	102	28	549	0	0	0
0.799	1	9	80	10	102	28	549	0	0	1
0.8	1	8	81	1	75	28	549	0	0	0
0.8	1	8	81	1	75	28	549	0	0	1
0.801	1	14	81	2	35	28	549	0	0	0
0.801	1	14	81	2	35	28	549	0	0	1
0.802	1	15	81	3	82	28	549	0	0	0
0.802	1	15	81	3	82	28	549	0	0	1
0.803	1	13	81	4	43	28	549	0	0	0
0.803	1	13	81	4	43	28	549	0	0	1
0.804	1	7	81	5	88	28	549	0	0	0
0.804	1	7	81	5	88	28	549	0	0	1
0.805	1	5	81	6	54	28	549	0	0	0
0.805	1	5	81	6	54	28	549	0	0	1
0.806	1	1	81	7	1	28	549	0	0	0
0.806	1	1	81	7	1	28	549	0	0	1
0.807	1	4	81	8	93	28	549	0	0	0
0.807	1	4	81	8	93	28	549	0	0	1
0.808	1	3	81	9	62	28	549	0	0	0
0.808	1	3	81	9	62	28	549	0	0	1
0.809	1	10	81	10	14	28	549	0	0	0
0.809	1	10	81	10	14	28	549	0	0	1
0.81	1	6	82	1	97	28	549	0	0	0
0.81	1	6	82	1	97	28	549	0	0	1
0.811	1	11	82	2	69	28	549	0	0	0
0.811	1	11	82	2	69	28	549	0	0	1
0.812	1	12	82	3	26	28	549	0	0	0
0.812	1	12	82	3	26	28	549	0	0	1
0.813	1	2	82	4	100	28	549	0	0	0
0.813	1	2	82	4	100	28	549	0	0	1
0.814	1	9	82	5	102	28	549	0	0	0
0.814	1	9	82	5	102	28	549	0	0	1
0.815	1	8	82	6	75	28	549	0	0	0
0.815	1	8	82	6	75	28	549	0	0	1
0.816	1	14	82	7	35	28	549	0	0	0
0.816	1	14	82	7	35	28	549	0	0	1
0.817	1	15	82	8	82	28	549	0	0	0
0.817	1	15	82	8	82	28	549	0	0	1
0.818	1	13	82	9	43	28	549	0	0	0
0.818	1	13	82	9	43	28	549	0	0	1
0.819	1	7	82	10	88	28	549	0	0	0
0.819	1	7	82	10	88	28	549	0	0	1
0.82	1	5	83	1	54	28	549	0	0	0
0.82	1	5	83	1	54	28	549	0	0	1
0.821	1	1	83	2	1	28	549	0	0	0
0.821	1	1	83	2	1	28	549	0	0	1
0.822	1	4	83	3	93	28	549	0	0	0
0.822	1	4	83	3	93	28	549	0	0	1
0.823	1	3	83	4	62	28	549	0	0	0
0.823	1	3	83	4	62	28	549	0	0	1
0.824	1	10	83	5	14	28	549	0	0	0
0.824	1	10	83	5	14	28	549	0	0	1
0.825	1	6	83	6	97	28	549	0	0	0
0.825	1	6	83	6	97	28	549	0	0	1
0.826	1	11	83	7	69	28	549	0	0	0
0.826	1	11	83	7	69	28	549	0	0	1
0.827	1	12	83	8	26	28	549	0	0	0
0.827	1	12	83	8	26	28	549	0	0	1
0.828	1	2	83	9	100	28	549	0	0	0
0.828	1	2	83	9	100	28	549	0	0	1
0.829	1	9	83	10	102	28	549	0	0	0
0.829	1	9	83	10	102	28	549	0	0	1
0.83	1	8	84	1	75	28	549	0	0	0
0.83	1	8	84	1	75	28	549	0	0	1
0.831	1	14	84	2	35	28	549	0	0	0
0.831	1	14	84	2	35	28	549	0	0	1
0.832	1	15	84	3	82	28	549	0	0	0
0.832	1	15	84	3	82	28	549	0	0	1
0.833	1	13	84	4	43	28	549	0	0	0
0.833	1	13	84	4	43	28	549	0	0	1
0.834	1	7	84	5	88	28	549	0	0	0
0.834	1	7	84	5	88	28	549	0	0	1
0.835	1	5	84	6	54	28	549	0	0	0
0.835	1	5	84	6	54	28	549	0	0	1
0.836	1	1	84	7	1	28	549	0	0	0
0.836	1	1	84	7	1	28	549	0	0	1
0.837	1	4	84	8	93	28	549	0	0	0
0.837	1	4	84	8	93	28	549	0	0	1
0.838	1	3	84	9	62	28	549	0	0	0
0.838	1	3	84	9	62	28	549	0	0	1
0.839	1	10	84	10	14	28	549	0	0	0
0.839	1	10	84	10	14	28	549	0	0	1
0.84	1	6	85	1	97	28	549	0	0	0
0.84	1	6	85	1	97	28	549	0	0	1
0.841	1	11	85	2	69	28	549	0	0	0
0.841	1	11	85	2	69	28	549	0	0	1
0.842	1	12	85	3	26	28	549	0	0	0
0.842	1	12	85	3	26	28	549	0	0	1
0.843	1	2	85	4	100	28	549	0	0	0
0.843	1	2	85	4	100	28	549	0	0	1
0.844	1	9	85	5	102	28	549	0	0	0
0.844	1	9	85	5	102	28	549	0	0	1
0.845	1	8	85	6	75	28	549	0	0	0
0.845	1	8	85	6	75	28	549	0	0	1
0.846	1	14	85	7	35	28	549	0	0	0
0.846	1	14	85	7	35	28	549	0	0	1
0.847	1	15	85	8	82	28	549	0	0	0
0.847	1	15	85	8	82	28	549	0	0	1
0.848	1	13	85	9	43	28	549	0	0	0
0.848	1	13	85	9	43	28	549	0	0	1
0.849	1	7	85	10	88	28	549	0	0	0
0.849	1	7	85	10	88	28	549	0	0	1
0.85	1	5	86	1	54	28	549	0	0	0
0.85	1	5	86	1	54	28	549	0	0	1
0.851	1	1	86	2	1	28	549	0	0	0
0.851	1	1	86	2	1	28	549	0	0	1
0.852	1	4	86	3	93	28	549	0	0	0
0.852	1	4	86	3	93	28	549	0	0	1
0.853	1	3	86	4	62	28	549	0	0	0
0.853	1	3	86	4	62	28	549	0	0	1
0.854	1	10	86	5	14	28	549	0	0	0
0.854	1	10	86	5	14	28	549	0	0	1
0.855	1	6	86	6	97	28	549	0	0	0
0.855	1	6	86	6	97	28	549	0	0	1
0.856	1	11	86	7	69	28	549	0	0	0
0.856	1	11	86	7	69	28	549	0	0	1
0.857	1	12	86	8	26	28	549	0	0	0
0.857	1	12	86	8	26	28	549	0	0	1
0.858	1	2	86	9	100	28	549	0	0	0
0.858	1	2	86	9	100	28	549	0	0	1
0.859	1	9	86	10	102	28	549	0	0	0
0.859	1	9	86	10	102	28	549	0	0	1
0.86	1	8	87	1	75	28	549	0	0	0
0.86	1	8	87	1	75	28	549	0	0	1
0.861	1	14	87	2	35	28	549	0	0	0
0.861	1	14	87	2	35	28	549	0	0	1
0.862	1	15	87	3	82	28	549	0	0	0
0.862	1	15	87	3	82	28	549	0	0	1
0.863	1	13	87	4	43	28	549	0	0	0
0.863	1	13	87	4	43	28	549	0	0	1
0.864	1	7	87	5	88	28	549	0	0	0
0.864	1	7	87	5	88	28	549	0	0	1
0.865	1	5	87	6	54	28	549	0	0	0
0.865	1	5	87	6	54	28	549	0	0	1
0.866	1	1	87	7	1	28	549	0	0	0
0.866	1	1	87	7	1	28	549	0	0	1
0.867	1	4	87	8	93	28	549	0	0	0
0.867	1	4	87	8	93	28	549	0	0	1
0.868	1	3	87	9	62	28	549	0	0	0
0.868	1	3	87	9	62	28	549	0	0	1
0.869	1	10	87	10	14	28	549	0	0	0
0.869	1	10	87	10	14	28	549	0	0	1
0.87	1	6	88	1	97	28	549	0	0	0
0.87	1	6	88	1	97	28	549	0	0	1
0.871	1	11	88	2	69	28	549	0	0	0
0.871	1	11	88	2	69	28	549	0	0	1
0.872	1	12	88	3	26	28	549	0	0	0
0.872	1	12	88	3	26	28	549	0	0	1
0.873	1	2	88	4	100	28	549	0	0	0
0.873	1	2	88	4	100	28	549	0	0	1
0.874	1	9	88	5	102	28	549	0	0	0
0.874	1	9	88	5	102	28	549	0	0	1
0.875	1	8	88	6	75	28	549	0	0	0
0.875	1	8	88	6	75	28	549	0	0	1
0.876	1	14	88	7	35	28	549	0	0	0
0.876	1	14	88	7	35	28	549	0	0	1
0.877	1	15	88	8	82	28	549	0	0	0
0.877	1	15	88	8	82	28	549	0	0	1
0.878	1	13	88	9	43	28	549	0	0	0
0.878	1	13	88	9	43	28	549	0	0	1
0.879	1	7	88	10	88	28	549	0	0	0
0.879	1	7	88	10	88	28	549	0	0	1
0.88	1	5	89	1	54	28	549	0	0	0
0.88	1	5	89	1	54	28	549	0	0	1
0.881	1	1	89	2	1	28	549	0	0	0
0.881	1	1	89	2	1	28	549	0	0	1
0.882	1	4	89	3	93	28	549	0	0	0
0.882	1	4	89	3	93	28	549	0	0	1
0.883	1	3	89	4	62	28	549	0	0	0
0.883	1	3	89	4	62	28	549	0	0	1
0.884	1	10	89	5	14	28	549	0	0	0
0.884	1	10	89	5	14	28	549	0	0	1
0.885	1	6	89	6	97	28	549	0	0	0
0.885	1	6	89	6	97	28	549	0	0	1
0.886	1	11	89	7	69	28	549	0	0	0
0.886	1	11	89	7	69	28	549	0	0	1
0.887	1	12	89	8	26	28	549	0	0	0
0.887	1	12	89	8	26	28	549	0	0	1
0.888	1	2	89	9	100	28	549	0	0	0
0.888	1	2	89	9	100	28	549	0	0	1
0.889	1	9	89	10	102	28	549	0	0	0
0.889	1	9	89	10	102	28	549	0	0	1
0.89	1	8	90	1	75	28	549	0	0	0
0.89	1	8	90	1	75	28	549	0	0	1
0.891	1	14	90	2	35	28	549	0	0	0
0.891	1	14	90	2	35	28	549	0	0	1
0.892	1	15	90	3	82	28	549	0	0	0
0.892	1	15	90	3	82	28	549	0	0	1
0.893	1	13	90	4	43	28	549	0	0	0
0.893	1	13	90	4	43	28	549	0	0	1
0.894	1	7	90	5	88	28	549	0	0	0
0.894	1	7	90	5	88	28	549	0	0	1
0.895	1	5	90	6	54	28	549	0	0	0
0.895	1	5	90	6	54	28	549	0	0	1
0.896	1	1	90	7	1	28	549	0	0	0
0.896	1	1	90	7	1	28	549	0	0	1
0.897	1	4	90	8	93	28	549	0	0	0
0.897	1	4	90	8	93	28	549	0	0	1
0.898	1	3	90	9	62	28	549	0	0	0
0.898	1	3	90	9	62	28	549	0	0	1
0.899	1	10	90	10	14	28	549	0	0	0
0.899	1	10	90	10	14	28	549	0	0	1
