99823.1	99823.2	99823.1	99823.1	99823.1	99823.1	99822.9	99823	99822.9	99823.1	99823	99822.8	99822.8	99822.7	99822.9	99823.1	99822.8	99823	99822.8	99823.1	99823.2	99823.1	99823.1	99823.1	99823.1	
99646.5	99646.4	99646.4	99646.3	99646.5	99646.4	99645.8	99646.1	99645.8	99646.3	99646.1	99645.6	99645.6	99645.6	99646	99646.3	99645.8	99646.1	99645.8	99646.3	99646.5	99646.3	99646.4	99646.3	99646.5	
99469.7	99469.7	99469.7	99469.5	99469.8	99469.7	99468.8	99469.2	99468.8	99469.6	99469.1	99468.5	99468.5	99468.4	99469.1	99469.5	99468.8	99469.2	99468.7	99469.4	99469.9	99469.4	99469.6	99469.5	99469.7	
99293.1	99293	99292.9	99292.7	99293.1	99293	99291.8	99292.3	99291.8	99292.8	99292.2	99291.3	99291.3	99291.3	99292.2	99292.7	99291.7	99292.2	99291.7	99292.6	99293.2	99292.6	99292.9	99292.8	99293.1	
99116.3	99116.3	99116.2	99115.9	99116.3	99116.2	99114.8	99115.4	99114.7	99116	99115.3	99114.2	99114.2	99114.1	99115.2	99115.9	99114.7	99115.3	99114.6	99115.8	99116.6	99115.8	99116.1	99116	99116.3	
98939.7	98939.6	98939.5	98939.1	98939.7	98939.5	98937.8	98938.5	98937.7	98939.3	98938.4	98937	98937.1	98937	98938.3	98939.2	98937.7	98938.4	98937.6	98939	98939.9	98939	98939.4	98939.2	98939.7	
98763	98762.9	98762.7	98762.3	98762.9	98762.8	98760.7	98761.6	98760.7	98762.5	98761.5	98759.9	98759.9	98759.8	98761.4	98762.4	98760.6	98761.5	98760.5	98762.2	98763.3	98762.2	98762.6	98762.4	98763	
98586.3	98586.2	98586	98585.5	98586.3	98586.1	98583.7	98584.8	98583.7	98585.7	98584.6	98582.8	98582.8	98582.7	98584.5	98585.6	98583.6	98584.6	98583.5	98585.4	98586.6	98585.4	98585.8	98585.7	98586.3	
98409.6	98409.5	98409.3	98408.7	98409.5	98409.3	98406.7	98407.8	98406.6	98408.9	98407.6	98405.6	98405.6	98405.5	98407.5	98408.8	98406.5	98407.7	98406.4	98408.6	98410	98408.6	98409.1	98408.9	98409.6	
98232.9	98232.8	98232.5	98231.9	98232.8	98232.6	98229.6	98230.9	98229.6	98232.2	98230.7	98228.4	98228.4	98228.4	98230.6	98232.1	98229.5	98230.8	98229.4	98231.8	98233.3	98231.8	98232.3	98232.1	98232.9	
98056.2	98056.1	98055.8	98055.2	98056.1	98055.9	98052.6	98054.1	98052.6	98055.4	98053.8	98051.3	98051.3	98051.2	98053.7	98055.3	98052.5	98053.9	98052.3	98055	98056.7	98055	98055.6	98055.3	98056.2	
97879.4	97879.4	97879	97878.3	97879.4	97879.2	97875.6	97877.2	97875.5	97878.7	97876.9	97874.2	97874.2	97874.1	97876.7	97878.5	97875.4	97877	97875.3	97878.2	97880	97878.2	97878.8	97878.5	97879.5	
97702.8	97702.7	97702.3	97701.6	97702.7	97702.5	97698.6	97700.3	97698.5	97701.9	97700	97697.1	97697	97696.9	97699.8	97701.7	97698.4	97700.1	97698.2	97701.4	97703.3	97701.4	97702.1	97701.8	97702.8	
97526	97526	97525.6	97524.8	97526	97525.7	97521.6	97523.4	97521.5	97525.1	97523.1	97519.9	97519.9	97519.8	97522.9	97524.9	97521.3	97523.1	97521.2	97524.6	97526.7	97524.5	97525.3	97525	97526.1	
97349.4	97349.3	97348.8	97348	97349.3	97349	97344.5	97346.5	97344.5	97348.4	97346.2	97342.8	97342.7	97342.6	97345.9	97348.2	97344.3	97346.2	97344.1	97347.8	97350	97347.7	97348.5	97348.2	97349.4	
97172.7	97172.6	97172.1	97171.2	97172.6	97172.3	97167.5	97169.6	97167.4	97171.6	97169.3	97165.6	97165.6	97165.5	97169	97171.4	97167.3	97169.3	97167	97171	97173.4	97170.9	97171.8	97171.4	97172.7	
96996	96995.9	96995.4	96994.4	96995.9	96995.6	96990.5	96992.7	96990.4	96994.8	96992.4	96988.5	96988.5	96988.3	96992.1	96994.6	96990.3	96992.4	96990	96994.1	96996.7	96994.1	96995	96994.6	96996	
96819.3	96819.2	96818.6	96817.6	96819.2	96818.9	96813.5	96815.8	96813.4	96818.1	96815.4	96811.4	96811.3	96811.2	96815.1	96817.8	96813.2	96815.5	96812.9	96817.3	96820.1	96817.3	96818.3	96817.9	96819.3	
96642.6	96642.5	96641.9	96640.8	96642.5	96642.1	96636.4	96638.9	96636.4	96641.3	96638.5	96634.2	96634.2	96634	96638.2	96641	96636.2	96638.6	96635.9	96640.5	96643.4	96640.5	96641.5	96641.1	96642.6	
96465.9	96465.7	96465.2	96464	96465.8	96465.4	96459.4	96462	96459.3	96464.5	96461.6	96457	96457	96456.8	96461.3	96464.3	96459.1	96461.7	96458.8	96463.7	96466.8	96463.7	96464.8	96464.3	96465.9	
96289.2	96289.1	96288.5	96287.2	96289.2	96288.7	96282.4	96285.2	96282.4	96287.8	96284.7	96279.9	96279.9	96279.7	96284.4	96287.5	96282.1	96284.8	96281.8	96286.9	96290.1	96286.9	96288	96287.5	96289.2	
96112.5	96112.3	96111.7	96110.5	96112.5	96112	96105.4	96108.3	96105.4	96111	96107.8	96102.8	96102.7	96102.6	96107.5	96110.7	96105	96107.8	96104.7	96110.1	96113.5	96110.1	96111.3	96110.8	96112.5	
95935.8	95935.6	95935	95933.6	95935.7	95935.2	95928.3	95931.4	95928.3	95934.3	95930.8	95925.6	95925.5	95925.4	95930.5	95933.9	95928	95930.9	95927.6	95933.3	95936.8	95933.2	95934.5	95934	95935.8	
95759.1	95758.9	95758.3	95756.9	95759	95758.5	95751.3	95754.5	95751.3	95757.5	95754	95748.5	95748.4	95748.3	95753.6	95757.2	95751	95754	95750.6	95756.5	95760.2	95756.4	95757.7	95757.2	95759.1	
95582.4	95582.2	95581.5	95580	95582.3	95581.8	95574.2	95577.6	95574.2	95580.7	95577	95571.3	95571.2	95571.1	95576.6	95580.4	95573.9	95577.1	95573.5	95579.7	95583.5	95579.6	95581	95580.4	95582.4	
95405.7	95405.5	95404.8	95403.3	95405.6	95405.1	95397.3	95400.7	95397.2	95404	95400.1	95394.2	95394.1	95393.9	95399.7	95403.6	95396.9	95400.2	95396.5	95402.9	95406.9	95402.8	95404.2	95403.7	95405.7	
95229	95228.8	95228	95226.4	95228.9	95228.3	95220.2	95223.8	95220.2	95227.2	95223.2	95217	95216.9	95216.8	95222.8	95226.8	95219.8	95223.3	95219.4	95226.1	95230.2	95226	95227.5	95226.9	95229	
95052.3	95052.1	95051.3	95049.7	95052.2	95051.6	95043.2	95046.9	95043.1	95050.4	95046.3	95039.9	95039.8	95039.6	95045.8	95050	95042.8	95046.3	95042.4	95049.3	95053.5	95049.2	95050.7	95050.1	95052.3	
94875.6	94875.3	94874.5	94872.9	94875.5	94874.8	94866.1	94870	94866.1	94873.7	94869.4	94862.7	94862.6	94862.4	94868.9	94873.2	94865.7	94869.4	94865.3	94872.5	94876.9	94872.4	94874	94873.3	94875.6	
94698.9	94698.6	94697.8	94696.1	94698.8	94698.1	94689.1	94693.1	94689.1	94696.9	94692.5	94685.6	94685.5	94685.3	94692	94696.4	94688.7	94692.5	94688.3	94695.7	94700.2	94695.6	94697.2	94696.5	94698.9	
94522.2	94521.9	94521.1	94519.2	94522.1	94521.4	94512.1	94516.1	94512	94520.1	94515.6	94508.4	94508.3	94508.1	94515.1	94519.6	94511.6	94515.5	94511.2	94518.9	94523.6	94518.7	94520.4	94519.7	94522.2	
94345.5	94345.2	94344.3	94342.5	94345.4	94344.7	94335.1	94339.2	94335	94343.4	94338.7	94331.3	94331.2	94331	94338.2	94342.9	94334.6	94338.7	94334.2	94342.1	94346.9	94341.9	94343.7	94343	94345.5	
94168.8	94168.5	94167.6	94165.7	94168.7	94168	94158.1	94162.4	94158	94166.6	94161.8	94154.2	94154	94153.9	94161.2	94166.1	94157.6	94161.8	94157.1	94165.3	94170.3	94165.1	94166.9	94166.2	94168.8	
93992.1	93991.8	93990.9	93988.9	93992	93991.2	93981	93985.5	93981	93989.8	93984.8	93977	93976.9	93976.7	93984.3	93989.3	93980.5	93984.8	93980.1	93988.5	93993.6	93988.3	93990.1	93989.4	93992.1	
93815.4	93815.1	93814.1	93812.1	93815.3	93814.5	93804	93808.6	93804	93813.1	93807.9	93799.9	93799.7	93799.5	93807.4	93812.5	93803.5	93807.9	93803	93811.7	93817	93811.5	93813.4	93812.6	93815.4	
93638.6	93638.4	93637.4	93635.3	93638.6	93637.7	93626.9	93631.7	93626.9	93636.3	93631	93622.7	93622.5	93622.3	93630.4	93635.8	93626.4	93631	93625.9	93634.8	93640.3	93634.7	93636.6	93635.9	93638.7	
93462	93461.7	93460.7	93458.5	93461.9	93461	93449.9	93454.8	93449.9	93459.6	93454.1	93445.6	93445.4	93445.2	93453.5	93459	93449.4	93454.1	93448.9	93458.1	93463.6	93457.9	93459.9	93459.1	93462	
93285.2	93285	93283.9	93281.7	93285.2	93284.3	93272.9	93277.9	93272.9	93282.8	93277.1	93268.4	93268.2	93268	93276.6	93282.2	93272.3	93277.2	93271.8	93281.2	93287	93281.1	93283.1	93282.3	93285.3	
93108.6	93108.3	93107.2	93104.9	93108.5	93107.6	93095.9	93101	93095.9	93106	93100.3	93091.3	93091.1	93090.9	93099.7	93105.4	93095.4	93100.3	93094.8	93104.4	93110.3	93104.3	93106.4	93105.5	93108.6	
92931.9	92931.6	92930.4	92928.1	92931.8	92930.9	92918.8	92924.1	92918.8	92929.2	92923.3	92914.1	92914	92913.7	92922.7	92928.7	92918.3	92923.4	92917.7	92927.6	92933.7	92927.5	92929.6	92928.8	92931.9	
92755.2	92754.9	92753.7	92751.3	92755.1	92754.2	92741.8	92747.2	92741.8	92752.5	92746.4	92737	92736.8	92736.6	92745.8	92751.9	92741.3	92746.5	92740.7	92750.8	92757	92750.7	92752.8	92752	92755.2	
92578.4	92578.1	92577	92574.5	92578.4	92577.4	92564.8	92570.3	92564.8	92575.7	92569.5	92559.8	92559.7	92559.4	92568.9	92575.1	92564.2	92569.6	92563.6	92574	92580.4	92573.9	92576.1	92575.2	92578.5	
92401.8	92401.4	92400.3	92397.7	92401.7	92400.7	92387.8	92393.4	92387.8	92399	92392.6	92382.7	92382.5	92382.3	92391.9	92398.3	92387.2	92392.7	92386.6	92397.2	92403.7	92397.1	92399.3	92398.4	92401.8	
92225.1	92224.8	92223.5	92220.9	92225	92224	92210.8	92216.5	92210.8	92222.2	92215.7	92205.5	92205.4	92205.1	92215	92221.6	92210.1	92215.8	92209.5	92220.4	92227.1	92220.3	92222.6	92221.7	92225.1	
92048.4	92048.1	92046.8	92044.1	92048.3	92047.3	92033.7	92039.6	92033.7	92045.4	92038.8	92028.4	92028.2	92028	92038.1	92044.8	92033.1	92038.9	92032.5	92043.6	92050.4	92043.5	92045.8	92044.9	92048.4	
91871.7	91871.3	91870.1	91867.4	91871.6	91870.6	91856.7	91862.7	91856.7	91868.7	91861.8	91851.3	91851.1	91850.8	91861.2	91868	91856.1	91862	91855.4	91866.8	91873.8	91866.7	91869.1	91868.1	91871.7	
91695	91694.6	91693.3	91690.6	91694.9	91693.8	91679.7	91685.8	91679.7	91691.9	91684.9	91674.1	91673.9	91673.7	91684.2	91691.2	91679	91685	91678.4	91690	91697.1	91689.8	91692.3	91691.3	91695	
91518.3	91517.9	91516.6	91513.8	91518.2	91517.1	91502.7	91508.9	91502.7	91515.1	91508	91497	91496.8	91496.5	91507.3	91514.4	91502	91508.1	91501.3	91513.2	91520.5	91513	91515.6	91514.6	91518.3	
91341.6	91341.2	91339.9	91336.9	91341.5	91340.4	91325.6	91332	91325.6	91338.3	91331.1	91319.8	91319.6	91319.3	91330.3	91337.7	91324.9	91331.2	91324.2	91336.4	91343.8	91336.2	91338.8	91337.8	91341.6	
91164.9	91164.5	91163.2	91160.2	91164.8	91163.7	91148.6	91155.1	91148.6	91161.6	91154.2	91142.7	91142.5	91142.2	91153.4	91160.9	91147.9	91154.3	91147.2	91159.6	91167.2	91159.4	91162.1	91161	91164.9	
90988.2	90987.8	90986.4	90983.4	90988.1	90986.9	90971.6	90978.2	90971.6	90984.8	90977.3	90965.5	90965.3	90965	90976.5	90984.1	90970.9	90977.4	90970.1	90982.8	90990.5	90982.6	90985.3	90984.2	90988.2	
90811.5	90811.1	90809.7	90806.6	90811.4	90810.2	90794.6	90801.4	90794.6	90808.1	90800.4	90788.4	90788.2	90787.9	90799.6	90807.3	90793.9	90800.5	90793.1	90806	90813.9	90805.8	90808.6	90807.5	90811.5	
90634.8	90634.4	90632.9	90629.8	90634.7	90633.5	90617.5	90624.4	90617.5	90631.3	90623.5	90611.3	90611.1	90610.8	90622.6	90630.6	90616.8	90623.6	90616.1	90629.1	90637.2	90629	90631.8	90630.7	90634.8	
90458.1	90457.7	90456.2	90453	90458	90456.8	90440.5	90447.6	90440.5	90454.5	90446.5	90434.1	90433.9	90433.6	90445.7	90453.8	90439.8	90446.7	90439	90452.4	90460.6	90452.2	90455	90453.9	90458.1	
90281.4	90281	90279.4	90276.2	90281.4	90280	90263.5	90270.7	90263.5	90277.8	90269.6	90257	90256.8	90256.5	90268.8	90277	90262.8	90269.8	90262	90275.6	90283.9	90275.4	90278.3	90277.1	90281.4	
90104.7	90104.3	90102.7	90099.4	90104.6	90103.3	90086.5	90093.8	90086.5	90101	90092.7	90079.8	90079.6	90079.3	90091.9	90100.2	90085.7	90092.9	90084.9	90098.7	90107.3	90098.6	90101.5	90100.4	90104.7	
89928	89927.6	89926	89922.6	89927.9	89926.6	89909.4	89916.9	89909.5	89924.2	89915.8	89902.7	89902.5	89902.2	89914.9	89923.4	89908.7	89915.9	89907.9	89921.9	89930.6	89921.8	89924.8	89923.6	89928	
89751.3	89750.8	89749.3	89745.8	89751.2	89749.8	89732.4	89740	89732.4	89747.5	89738.9	89725.5	89725.3	89725	89738	89746.7	89731.6	89739	89730.8	89745.1	89753.9	89745	89748	89746.8	89751.3	
89574.6	89574.2	89572.5	89569	89574.5	89573.1	89555.4	89563.1	89555.4	89570.7	89562	89548.4	89548.2	89547.9	89561.1	89569.9	89554.6	89562.1	89553.7	89568.3	89577.3	89568.2	89571.3	89570	89574.6	
89397.9	89397.4	89395.8	89392.2	89397.8	89396.4	89378.4	89386.2	89378.4	89393.9	89385.1	89371.3	89371	89370.7	89384.1	89393.1	89377.6	89385.2	89376.7	89391.5	89400.6	89391.3	89394.5	89393.2	89397.9	
89221.2	89220.7	89219.1	89215.4	89221.1	89219.7	89201.4	89209.3	89201.4	89217.2	89208.2	89194.1	89193.9	89193.6	89207.2	89216.3	89200.5	89208.3	89199.6	89214.7	89224	89214.5	89217.7	89216.5	89221.2	
89044.5	89044	89042.4	89038.6	89044.4	89043	89024.3	89032.4	89024.3	89040.4	89031.2	89017	89016.7	89016.4	89030.3	89039.5	89023.5	89031.4	89022.5	89037.9	89047.3	89037.7	89041	89039.7	89044.5	
88867.8	88867.3	88865.6	88861.9	88867.8	88866.3	88847.3	88855.5	88847.4	88863.7	88854.4	88839.9	88839.6	88839.3	88853.3	88862.8	88846.5	88854.5	88845.5	88861.1	88870.7	88860.9	88864.2	88862.9	88867.8	
88691.1	88690.6	88688.9	88685.1	88691	88689.5	88670.3	88678.6	88670.3	88686.9	88677.4	88662.7	88662.4	88662	88676.4	88686	88669.4	88677.6	88668.4	88684.3	88694	88684.1	88687.5	88686.1	88691.1	
88514.4	88513.9	88512.2	88508.3	88514.4	88512.8	88493.3	88501.8	88493.3	88510.1	88500.5	88485.6	88485.3	88484.9	88499.5	88509.2	88492.4	88500.7	88491.4	88507.5	88517.4	88507.3	88510.7	88509.3	88514.4	
88337.7	88337.2	88335.4	88331.5	88337.7	88336.1	88316.3	88324.9	88316.3	88333.4	88323.6	88308.5	88308.2	88307.8	88322.6	88332.4	88315.4	88323.8	88314.3	88330.7	88340.7	88330.5	88334	88332.6	88337.7	
88161	88160.5	88158.7	88154.7	88161	88159.4	88139.2	88148	88139.2	88156.6	88146.7	88131.3	88131	88130.6	88145.6	88155.7	88138.3	88146.8	88137.3	88153.8	88164	88153.7	88157.2	88155.8	88161	
87984.3	87983.8	87982	87977.9	87984.3	87982.7	87962.2	87971.1	87962.2	87979.8	87969.8	87954.2	87953.8	87953.5	87968.7	87978.9	87961.3	87970	87960.2	87977.1	87987.4	87976.9	87980.4	87979	87984.3	
87807.6	87807.1	87805.2	87801.1	87807.6	87805.9	87785.2	87794.2	87785.2	87803.1	87792.9	87777	87776.7	87776.3	87791.8	87802.1	87784.2	87793	87783.2	87800.2	87810.7	87800.1	87803.7	87802.2	87807.6	
87630.9	87630.4	87628.5	87624.3	87630.9	87629.2	87608.1	87617.3	87608.2	87626.3	87616	87599.9	87599.5	87599.1	87614.8	87625.3	87607.2	87616.1	87606.1	87623.4	87634.1	87623.3	87626.9	87625.5	87630.9	
87454.2	87453.7	87451.8	87447.5	87454.2	87452.5	87431.1	87440.4	87431.1	87449.5	87439	87422.7	87422.4	87422	87437.9	87448.5	87430.1	87439.2	87429.1	87446.6	87457.4	87446.5	87450.2	87448.7	87454.2	
87277.5	87277	87275	87270.7	87277.5	87275.8	87254.1	87263.5	87254.2	87272.8	87262.2	87245.6	87245.3	87244.9	87261	87271.8	87253.1	87262.3	87252	87269.8	87280.8	87269.7	87273.4	87271.9	87277.5	
87100.8	87100.3	87098.3	87093.9	87100.8	87099.1	87077.1	87086.6	87077.1	87096	87085.2	87068.5	87068.1	87067.7	87084.1	87095	87076.1	87085.4	87075	87093	87104.1	87092.9	87096.7	87095.1	87100.8	
86924.1	86923.6	86921.6	86917.2	86924.1	86922.3	86900.1	86909.7	86900.1	86919.2	86908.3	86891.3	86891	86890.6	86907.2	86918.2	86899	86908.5	86898	86916.2	86927.5	86916.1	86919.9	86918.4	86924.1	
86747.4	86746.9	86744.8	86740.3	86747.4	86745.6	86723.1	86732.7	86723.1	86742.5	86731.4	86714.2	86713.8	86713.4	86730.2	86741.4	86722	86731.5	86720.9	86739.4	86750.8	86739.3	86743.2	86741.6	86747.4	
86570.7	86570.2	86568	86563.5	86570.7	86568.9	86546.2	86555.8	86546.1	86565.7	86554.5	86537.2	86536.6	86536.3	86553.3	86564.6	86545	86554.6	86543.9	86562.6	86574.2	86562.5	86566.4	86564.8	86570.7	
86394	86393.5	86391.2	86386.7	86394	86392.2	86369.2	86378.8	86369.1	86389	86377.6	86360.1	86359.5	86359.1	86376.4	86387.8	86368.1	86377.7	86366.9	86385.8	86397.5	86385.7	86389.7	86388	86394	
86217.3	86216.8	86214.5	86209.9	86217.3	86215.5	86192.3	86201.8	86192.1	86212.2	86200.7	86183.1	86182.3	86182	86199.5	86211	86191.1	86200.8	86189.9	86209	86220.9	86208.9	86212.9	86211.3	86217.3	
86040.6	86040	86037.7	86033.1	86040.6	86038.8	86015.4	86024.8	86015.1	86035.4	86023.8	86006	86005.2	86004.8	86022.7	86034.2	86014.1	86023.9	86012.9	86032.2	86044.2	86032.1	86036.2	86034.5	86040.6	
85863.9	85863.3	85861	85856.3	85863.9	85862.1	85838.4	85847.9	85838.1	85858.7	85846.8	85828.9	85828	85827.6	85845.7	85857.4	85837.1	85846.9	85835.8	85855.4	85867.6	85855.3	85859.5	85857.7	85863.9	
85687.2	85686.6	85684.2	85679.5	85687.2	85685.4	85661.5	85670.9	85661.1	85681.9	85669.9	85651.9	85650.9	85650.5	85668.8	85680.6	85660.1	85670	85658.9	85678.6	85690.9	85678.5	85682.7	85680.9	85687.2	
85510.5	85509.9	85507.4	85502.7	85510.5	85508.7	85484.5	85493.9	85484.1	85505.1	85493	85474.8	85473.7	85473.3	85491.9	85503.8	85483.1	85493.1	85481.8	85501.8	85514.3	85501.7	85506	85504.1	85510.5	
85333.8	85333.2	85330.6	85325.9	85333.8	85332	85307.6	85316.9	85307.1	85328.4	85316.1	85297.7	85296.5	85296.2	85315	85327	85306.1	85316.1	85304.8	85325	85337.6	85324.9	85329.2	85327.4	85333.8	
85157.1	85156.5	85153.9	85149	85157.1	85155.3	85130.6	85140	85130.1	85151.6	85139.2	85120.6	85119.4	85119	85138.1	85150.2	85129.1	85139.2	85127.8	85148.1	85161	85148.1	85152.5	85150.6	85157.1	
84980.4	84979.8	84977.1	84972.2	84980.4	84978.6	84953.7	84963	84953.1	84974.8	84962.3	84943.6	84942.2	84941.8	84961.2	84973.4	84952.1	84962.3	84950.8	84971.3	84984.3	84971.3	84975.8	84973.8	84980.4	
84803.7	84803.1	84800.4	84795.4	84803.7	84801.9	84776.8	84786.1	84776.1	84798.1	84785.4	84766.5	84765.1	84764.7	84784.3	84796.6	84775.1	84785.4	84773.7	84794.5	84807.7	84794.5	84799	84797	84803.7	
84627	84626.4	84623.6	84618.6	84627	84625.2	84599.8	84609.1	84599.1	84621.3	84608.5	84589.5	84588	84587.6	84607.4	84619.8	84598.1	84608.5	84596.7	84617.7	84631	84617.7	84622.3	84620.2	84627	
84450.3	84449.6	84446.8	84441.8	84450.3	84448.5	84422.9	84432.1	84422.1	84444.6	84431.6	84412.4	84410.8	84410.4	84430.5	84443	84421.1	84431.5	84419.7	84440.9	84454.4	84440.9	84445.6	84443.5	84450.3	
84273.6	84272.9	84270.1	84265	84273.6	84271.8	84246	84255.2	84245.1	84267.8	84254.6	84235.3	84233.6	84233.3	84253.6	84266.2	84244.1	84254.6	84242.7	84264.1	84277.7	84264.1	84268.8	84266.7	84273.6	
84096.9	84096.2	84093.3	84088.2	84096.9	84095.1	84069	84078.2	84068.1	84091	84077.7	84058.3	84056.5	84056.1	84076.7	84089.4	84067.1	84077.7	84065.7	84087.3	84101.1	84087.3	84092.1	84089.9	84096.9	
83920.2	83919.5	83916.6	83911.4	83920.2	83918.4	83892.1	83901.2	83891.1	83914.3	83900.8	83881.2	83879.4	83879	83899.8	83912.6	83890.1	83900.8	83888.7	83910.5	83924.4	83910.5	83915.3	83913.1	83920.2	
83743.6	83742.8	83739.8	83734.6	83743.5	83741.7	83715.1	83724.2	83714.1	83737.5	83723.9	83704.2	83702.2	83701.8	83722.9	83735.8	83713.2	83723.8	83711.7	83733.7	83747.7	83733.7	83738.6	83736.4	83743.5	
83566.9	83566.1	83563	83557.8	83566.8	83565	83538.2	83547.3	83537.1	83560.7	83547	83527.1	83525	83524.7	83546	83559	83536.1	83546.9	83534.6	83556.9	83571.1	83556.9	83561.8	83559.6	83566.8	
83390.2	83389.4	83386.2	83381	83390.1	83388.3	83361.3	83370.3	83360.1	83384	83370.1	83350	83347.9	83347.5	83369.1	83382.2	83359.2	83370	83357.6	83380.1	83394.4	83380.1	83385.1	83382.8	83390.1	
83213.5	83212.7	83209.5	83204.1	83213.4	83211.6	83184.3	83193.3	83183.1	83207.2	83193.2	83172.9	83170.7	83170.4	83192.2	83205.4	83182.2	83193.1	83180.6	83203.3	83217.8	83203.3	83208.4	83206	83213.4	
83036.8	83036	83032.7	83027.3	83036.7	83034.9	83007.4	83016.3	83006.1	83030.4	83016.3	82995.9	82993.6	82993.2	83015.3	83028.6	83005.2	83016.2	83003.6	83026.5	83041.1	83026.5	83031.6	83029.3	83036.7	
82860.1	82859.3	82855.9	82850.5	82860	82858.2	82830.4	82839.4	82829.1	82853.7	82839.4	82818.8	82816.4	82816.1	82838.4	82851.8	82828.2	82839.2	82826.6	82849.7	82864.5	82849.7	82854.9	82852.5	82860	
82683.4	82682.6	82679.2	82673.7	82683.3	82681.5	82653.5	82662.4	82652.1	82676.9	82662.5	82641.8	82639.3	82638.9	82661.5	82675	82651.2	82662.3	82649.6	82672.8	82687.8	82672.9	82678.1	82675.7	82683.3	
82506.7	82505.9	82502.4	82496.9	82506.6	82504.8	82476.6	82485.5	82475.2	82500.2	82485.6	82464.7	82462.2	82461.8	82484.6	82498.3	82474.2	82485.4	82472.6	82496.1	82511.2	82496.1	82501.4	82498.9	82506.6	
82330	82329.1	82325.6	82320.1	82329.9	82328.1	82299.6	82308.5	82298.1	82323.4	82308.7	82287.6	82284.9	82284.6	82307.7	82321.4	82297.2	82308.5	82295.5	82319.2	82334.6	82319.3	82324.7	82322.1	82329.9	
82153.3	82152.4	82148.8	82143.3	82153.2	82151.4	82122.7	82131.5	82121.1	82146.6	82131.8	82110.6	82107.8	82107.5	82130.8	82144.7	82120.2	82131.5	82118.5	82142.4	82157.9	82142.5	82147.9	82145.4	82153.2	
81976.6	81975.7	81972.1	81966.5	81976.5	81974.6	81945.7	81954.5	81944.1	81969.9	81954.8	81933.5	81930.6	81930.3	81953.9	81967.8	81943.2	81954.6	81941.5	81965.6	81981.3	81965.7	81971.2	81968.6	81976.5	
81799.9	81799	81795.3	81789.7	81799.8	81797.9	81768.8	81777.5	81767.1	81793.1	81777.9	81756.4	81753.5	81753.2	81777	81791	81766.2	81777.7	81764.5	81788.8	81804.6	81788.9	81794.4	81791.8	81799.8	
81623.2	81622.3	81618.5	81612.9	81623.1	81621.2	81591.8	81600.6	81590.1	81616.3	81601	81579.4	81576.4	81576	81600.1	81614.2	81589.2	81600.8	81587.5	81612	81627.9	81612.1	81617.7	81615	81623.1	
81446.5	81445.6	81441.8	81436	81446.4	81444.5	81414.9	81423.6	81413.1	81439.6	81424.1	81402.3	81399.2	81398.9	81423.2	81437.4	81412.2	81423.8	81410.5	81435.2	81451.3	81435.3	81441	81438.3	81446.4	
81269.8	81268.9	81265	81259.2	81269.7	81267.8	81237.9	81246.6	81236.1	81262.8	81247.2	81225.2	81222	81221.7	81246.2	81260.6	81235.2	81246.9	81233.4	81258.4	81274.6	81258.5	81264.2	81261.5	81269.7	
81093.1	81092.2	81088.2	81082.4	81093	81091.1	81061	81069.7	81059.1	81086	81070.3	81048.2	81044.9	81044.6	81069.4	81083.8	81058.3	81070	81056.4	81081.6	81098	81081.7	81087.5	81084.7	81093	
80916.4	80915.5	80911.5	80905.6	80916.3	80914.4	80884.1	80892.7	80882.1	80909.3	80893.4	80871.1	80867.7	80867.4	80892.5	80907	80881.3	80893	80879.4	80904.8	80921.3	80904.9	80910.7	80907.9	80916.3	
80739.7	80738.8	80734.7	80728.8	80739.6	80737.7	80707.1	80715.7	80705.1	80732.5	80716.5	80694	80690.5	80690.2	80715.6	80730.2	80704.3	80716.1	80702.4	80728	80744.7	80728.1	80734	80731.1	80739.6	
80563	80562.1	80557.9	80552	80562.9	80561	80530.2	80538.8	80528.2	80555.8	80539.6	80517	80513.4	80513.2	80538.7	80553.5	80527.3	80539.2	80525.4	80551.2	80568.1	80551.3	80557.3	80554.4	80562.9	
80386.3	80385.3	80381.2	80375.2	80386.2	80384.3	80353.3	80361.8	80351.1	80379	80362.7	80339.9	80336.3	80336	80361.8	80376.7	80350.3	80362.3	80348.4	80374.4	80391.4	80374.5	80380.5	80377.6	80386.2	
80209.6	80208.6	80204.4	80198.4	80209.5	80207.6	80176.4	80184.8	80174.2	80202.2	80185.8	80162.9	80159.1	80158.9	80184.9	80199.9	80173.4	80185.4	80171.4	80197.6	80214.8	80197.7	80203.8	80200.8	80209.6	
80032.9	80031.9	80027.6	80021.6	80032.8	80030.9	79999.4	80007.9	79997.1	80025.5	80008.8	79985.8	79982	79981.7	80008	80023.1	79996.3	80008.4	79994.4	80020.8	80038.1	80020.9	80027.1	80024	80032.8	
79856.2	79855.2	79850.9	79844.8	79856.1	79854.2	79822.5	79830.9	79820.1	79848.7	79831.9	79808.7	79804.8	79804.5	79831.1	79846.3	79819.3	79831.5	79817.3	79844	79861.5	79844.1	79850.3	79847.3	79856.1	
79679.5	79678.5	79674.1	79668	79679.4	79677.5	79645.5	79653.9	79643.1	79671.9	79655	79631.7	79627.7	79627.4	79654.2	79669.5	79642.3	79654.6	79640.3	79667.1	79684.8	79667.3	79673.6	79670.5	79679.4	
79502.8	79501.8	79497.3	79491.2	79502.7	79500.8	79468.6	79476.9	79466.1	79495.2	79478.1	79454.6	79450.5	79450.2	79477.3	79492.7	79465.4	79477.7	79463.3	79490.3	79508.2	79490.5	79496.8	79493.7	79502.8	
79326.1	79325.1	79320.6	79314.3	79326	79324.1	79291.6	79300	79289.1	79318.4	79301.2	79277.5	79273.4	79273.1	79300.4	79315.8	79288.3	79300.7	79286.3	79313.5	79331.5	79313.7	79320.1	79316.9	79326	
79149.4	79148.4	79143.8	79137.5	79149.3	79147.4	79114.7	79123	79112.1	79141.6	79124.3	79100.5	79096.2	79096	79123.5	79139	79111.3	79123.8	79109.3	79136.7	79154.8	79136.9	79143.4	79140.2	79149.4	
78972.7	78971.7	78967	78960.7	78972.6	78970.7	78937.7	78946	78935.1	78964.9	78947.3	78923.4	78919	78918.8	78946.6	78962.2	78934.3	78946.9	78932.3	78959.9	78978.2	78960.1	78966.6	78963.4	78972.6	
78796	78795	78790.3	78783.9	78795.9	78794	78760.8	78769.1	78758.1	78788.1	78770.5	78746.3	78741.9	78741.7	78769.7	78785.4	78757.4	78770	78755.3	78783.1	78801.5	78783.3	78789.9	78786.6	78795.9	
78619.3	78618.3	78613.5	78607.1	78619.2	78617.3	78583.9	78592.1	78581.1	78611.3	78593.6	78569.3	78564.8	78564.5	78592.8	78608.6	78580.4	78593	78578.3	78606.3	78624.9	78606.5	78613.1	78609.8	78619.3	
78442.6	78441.5	78436.7	78430.3	78442.5	78440.6	78406.9	78415.1	78404.1	78434.6	78416.6	78392.2	78387.6	78387.3	78415.8	78431.8	78403.3	78416.1	78401.2	78429.5	78448.2	78429.6	78436.4	78433	78442.5	
78265.9	78264.8	78260	78253.5	78265.8	78263.9	78230	78238.2	78227.1	78257.8	78239.8	78215.2	78210.4	78210.2	78239	78255	78226.4	78239.2	78224.2	78252.7	78271.6	78252.9	78259.7	78256.3	78265.8	
78089.2	78088.1	78083.2	78076.7	78089.1	78087.1	78053	78061.2	78050.1	78081	78062.8	78038	78033.2	78033	78062	78078.2	78049.4	78062.2	78047.2	78075.8	78094.9	78076	78082.9	78079.5	78089.1	
77912.5	77911.4	77906.4	77899.9	77912.4	77910.4	77876.1	77884.2	77873.1	77904.3	77885.9	77861	77856.1	77855.9	77885.2	77901.4	77872.4	77885.3	77870.2	77899.1	77918.3	77899.3	77906.2	77902.7	77912.4	
77735.8	77734.7	77729.7	77723.1	77735.7	77733.7	77699.2	77707.2	77696.1	77727.5	77709	77683.9	77678.9	77678.7	77708.2	77724.6	77695.4	77708.4	77693.1	77722.2	77741.6	77722.4	77729.4	77725.9	77735.7	
77559.2	77558	77552.9	77546.2	77559	77557	77522.2	77530.2	77519.2	77550.7	77532.1	77506.9	77501.8	77501.6	77531.4	77547.8	77518.3	77531.4	77516.2	77545.4	77565	77545.6	77552.6	77549.1	77559	
77382.5	77381.3	77376.1	77369.4	77382.3	77380.3	77345.2	77353.1	77342.4	77374	77355.1	77329.7	77324.6	77324.7	77354.7	77371	77341.2	77354.3	77339.2	77368.6	77388.3	77368.8	77375.8	77372.4	77382.3	
77205.8	77204.6	77199.3	77192.6	77205.7	77203.6	77168.2	77176	77165.5	77197.2	77178.2	77152.7	77147.4	77147.8	77178	77194.2	77164.2	77177.2	77162.3	77191.8	77211.7	77192.1	77198.9	77195.6	77205.6	
77029.1	77027.9	77022.5	77015.8	77028.9	77026.9	76991.1	76999	76988.6	77020.4	77001.3	76975.6	76970.2	76970.9	77001.3	77017.4	76987.1	77000.1	76985.3	77015	77035	77015.2	77022.1	77018.8	77028.9	
76852.4	76851.2	76845.8	76839	76852.2	76850.2	76814.1	76821.9	76811.8	76843.7	76824.4	76798.5	76793.1	76793.9	76824.6	76840.6	76810	76823	76808.4	76838.2	76858.4	76838.5	76845.2	76842	76852.2	
76675.7	76674.4	76669	76662.2	76675.6	76673.5	76637.2	76644.8	76635	76666.9	76647.5	76621.4	76615.9	76617	76647.9	76663.8	76632.9	76646	76631.4	76661.4	76681.7	76661.7	76668.4	76665.3	76675.5	
76499	76497.7	76492.2	76485.4	76498.8	76496.8	76460.1	76467.7	76458.1	76490.2	76470.5	76444.3	76438.7	76440.1	76471.1	76487	76455.8	76468.8	76454.5	76484.6	76505.1	76484.9	76491.5	76488.5	76498.8	
76322.3	76321	76315.4	76308.5	76322.1	76320.1	76283.1	76290.7	76281.2	76313.4	76293.6	76267.3	76261.5	76263.2	76294.4	76310.2	76278.7	76291.8	76277.6	76307.8	76328.4	76308.1	76314.7	76311.7	76322.1	
76145.5	76144.3	76138.5	76131.7	76145.4	76143.4	76106.1	76113.6	76104.4	76136.6	76116.7	76090.1	76084.3	76086.2	76117.7	76133.4	76101.6	76114.6	76100.6	76131	76151.8	76131.2	76137.8	76134.9	76145.4	
75968.9	75967.6	75961.8	75954.9	75968.7	75966.7	75929.1	75936.5	75927.5	75959.9	75939.8	75913.1	75907.2	75909.3	75941	75956.6	75924.6	75937.6	75923.7	75954.2	75975.1	75954.5	75960.9	75958.2	75968.7	
75792.2	75790.9	75784.9	75778.1	75792	75789.9	75752	75759.4	75750.6	75783.1	75762.8	75736	75730	75732.4	75764.3	75779.8	75747.4	75760.5	75746.7	75777.4	75798.5	75777.6	75784.1	75781.4	75792	
75615.5	75614.2	75608.2	75601.3	75615.4	75613.2	75575.1	75582.4	75573.8	75606.3	75585.9	75558.9	75552.8	75555.5	75587.6	75603	75570.4	75583.4	75569.8	75600.6	75621.8	75600.9	75607.2	75604.6	75615.3	
75438.7	75437.5	75431.4	75424.5	75438.6	75436.5	75398	75405.3	75397	75429.6	75409	75381.8	75375.6	75378.6	75410.8	75426.2	75393.3	75406.3	75392.8	75423.7	75445.2	75424	75430.4	75427.8	75438.6	
75262.1	75260.8	75254.5	75247.7	75261.9	75259.8	75221	75228.2	75220.1	75252.8	75232.1	75204.7	75198.5	75201.6	75234.1	75249.4	75216.2	75229.2	75215.8	75246.9	75268.5	75247.2	75253.5	75251	75262	
75085.4	75084.1	75077.8	75070.8	75085.2	75083.1	75044	75051.1	75043.2	75076	75055.1	75027.6	75021.3	75024.7	75057.4	75072.6	75039.1	75052.1	75038.9	75070.1	75091.9	75070.4	75076.6	75074.3	75085.2	
74908.7	74907.4	74901	74894	74908.5	74906.4	74867	74874	74866.4	74899.3	74878.2	74850.5	74844.1	74847.8	74880.7	74895.8	74862	74875	74861.9	74893.3	74915.2	74893.7	74899.8	74897.5	74908.6	
74732	74730.7	74724.2	74717.3	74731.9	74729.7	74690	74697	74689.6	74722.5	74701.3	74673.5	74667	74670.9	74704	74719	74684.9	74698	74685	74716.5	74738.6	74716.9	74723	74720.7	74731.9	
74555.3	74553.9	74547.4	74540.4	74555.1	74553	74513	74519.9	74512.7	74545.7	74524.3	74496.4	74489.8	74494	74527.3	74542.2	74507.8	74520.9	74508.1	74539.7	74561.9	74540.1	74546.1	74543.9	74555.2	
74378.6	74377.2	74370.6	74363.6	74378.4	74376.3	74336	74342.8	74335.9	74369	74347.4	74319.3	74312.6	74317	74350.6	74365.4	74330.7	74343.8	74331.1	74362.9	74385.3	74363.2	74369.3	74367.2	74378.5	
74201.9	74200.5	74193.8	74186.8	74201.7	74199.6	74159	74165.8	74159	74192.2	74170.5	74142.2	74135.4	74140.1	74173.8	74188.6	74153.7	74166.7	74154.2	74186.1	74208.6	74186.4	74192.4	74190.4	74201.8	
74025.2	74023.8	74017	74010	74025	74022.9	73981.9	73988.7	73982.2	74015.5	73993.6	73965.2	73958.2	73963.2	73997.1	74011.8	73976.6	73989.6	73977.2	74009.3	74032	74009.7	74015.6	74013.6	74025.1	
73848.5	73847.1	73840.2	73833.1	73848.3	73846.2	73804.9	73811.6	73805.3	73838.7	73816.6	73788	73781	73786.3	73820.4	73835	73799.4	73812.5	73800.3	73832.5	73855.3	73832.8	73838.7	73836.8	73848.4	
73671.8	73670.4	73663.5	73656.3	73671.6	73669.5	73627.9	73634.5	73628.5	73661.9	73639.7	73610.9	73603.8	73609.4	73643.7	73658.2	73622.4	73635.5	73623.4	73655.7	73678.7	73656.1	73661.9	73660.1	73671.7	
73495.1	73493.7	73486.7	73479.5	73494.9	73492.8	73450.8	73457.4	73451.6	73485.1	73462.7	73433.8	73426.6	73432.4	73467	73481.4	73445.2	73458.3	73446.4	73478.9	73502	73479.2	73485	73483.3	73495	
73318.4	73317	73309.9	73302.7	73318.2	73316.1	73273.9	73280.4	73274.8	73308.4	73285.8	73256.8	73249.5	73255.5	73290.3	73304.6	73268.2	73281.3	73269.5	73302.1	73325.4	73302.5	73308.2	73306.5	73318.3	
73141.7	73140.2	73133.1	73125.9	73141.5	73139.4	73096.8	73103.3	73097.9	73131.6	73108.9	73079.6	73072.2	73078.6	73113.5	73127.8	73091	73104.2	73092.5	73125.2	73148.7	73125.6	73131.3	73129.7	73141.6	
72965	72963.5	72956.2	72949.1	72964.8	72962.6	72919.8	72926.2	72921	72954.8	72932	72902.6	72895.1	72901.6	72936.8	72951	72914	72927.1	72915.5	72948.4	72972	72948.8	72954.5	72952.9	72964.9	
72788.3	72786.8	72779.5	72772.3	72788.1	72785.9	72742.8	72749.1	72744.2	72778.1	72755.1	72725.5	72717.9	72724.7	72760.1	72774.2	72736.9	72750	72738.6	72771.7	72795.4	72772	72777.6	72776.2	72788.2	
72611.6	72610.1	72602.7	72595.4	72611.4	72609.2	72565.8	72572	72567.3	72601.3	72578.1	72548.4	72540.7	72547.8	72583.4	72597.4	72559.8	72572.9	72561.6	72594.8	72618.7	72595.2	72600.7	72599.4	72611.5	
72434.9	72433.4	72425.9	72418.7	72434.7	72432.5	72388.8	72395	72390.5	72424.6	72401.2	72371.3	72363.6	72370.9	72406.7	72420.6	72382.7	72395.9	72384.7	72418	72442.1	72418.4	72423.9	72422.6	72434.8	
72258.2	72256.7	72249.1	72241.8	72258	72255.8	72211.8	72217.9	72213.6	72247.8	72224.3	72194.2	72186.3	72193.9	72229.9	72243.8	72205.6	72218.7	72207.7	72241.2	72265.4	72241.6	72247	72245.8	72258.1	
72081.5	72080	72072.3	72065	72081.3	72079.1	72034.8	72040.8	72036.8	72071	72047.4	72017.2	72009.2	72017	72053.2	72067	72028.5	72041.6	72030.7	72064.4	72088.8	72064.8	72070.1	72069	72081.4	
71904.8	71903.3	71895.6	71888.2	71904.6	71902.4	71857.8	71863.7	71859.9	71894.2	71870.5	71840.2	71832	71840.1	71876.5	71890.2	71851.5	71864.5	71853.8	71887.6	71912.1	71888	71893.2	71892.2	71904.7	
71728.1	71726.5	71718.8	71711.4	71728	71725.7	71680.8	71686.7	71683.1	71717.5	71693.6	71663.2	71654.9	71663.2	71699.8	71713.5	71674.5	71687.4	71676.8	71710.8	71735.5	71711.2	71716.3	71715.4	71728	
71551.4	71549.8	71542	71534.6	71551.2	71549	71503.8	71509.6	71506.2	71540.7	71516.7	71486.1	71477.7	71486.3	71523.1	71536.7	71497.5	71510.3	71499.8	71534	71558.8	71534.4	71539.3	71538.6	71551.3	
71374.7	71373.1	71365.2	71357.8	71374.6	71372.3	71326.8	71332.5	71329.4	71363.9	71339.8	71309.2	71300.5	71309.4	71346.4	71359.9	71320.5	71333.2	71322.8	71357.2	71382.2	71357.6	71362.4	71361.8	71374.6	
71198	71196.4	71188.3	71180.9	71197.8	71195.6	71149.9	71155.4	71152.5	71187.2	71162.9	71132.1	71123.3	71132.3	71169.6	71183.2	71143.5	71156.1	71145.8	71180.4	71205.6	71180.8	71185.4	71184.9	71197.9	
71021.3	71019.6	71011.5	71004.1	71021.2	71018.9	70972.9	70978.4	70975.6	71010.5	70986	70955.2	70946.2	70955.4	70992.8	71006.4	70966.5	70979	70968.8	71003.6	71028.9	71004	71008.5	71008.1	71021.2	
70844.6	70842.9	70834.6	70827.3	70844.5	70842.2	70796	70801.4	70798.8	70833.8	70809.1	70778.2	70769	70778.4	70816	70829.7	70789.5	70801.9	70791.8	70826.8	70852.3	70827.2	70831.6	70831.4	70844.5	
70667.9	70666.1	70657.8	70650.5	70667.7	70665.4	70619	70624.3	70621.9	70657	70632.2	70601.1	70591.8	70601.4	70639.3	70652.9	70612.4	70624.8	70614.7	70650	70675.6	70650.4	70654.6	70654.5	70667.8	
70491.2	70489.4	70480.9	70473.7	70491.1	70488.7	70442.1	70447.4	70445.1	70480.3	70455.4	70424.2	70414.7	70424.4	70462.5	70476.1	70435.5	70447.7	70437.8	70473.2	70499	70473.6	70477.7	70477.7	70491.1	
70314.5	70312.6	70304	70296.9	70314.4	70312	70265	70270.3	70268.2	70303.6	70278.4	70247.1	70237.4	70247.4	70285.7	70299.4	70258.4	70270.6	70260.7	70296.4	70322.3	70296.8	70300.8	70300.9	70314.4	
70137.8	70135.9	70127.2	70120.1	70137.7	70135.3	70088.1	70093.3	70091.4	70126.9	70101.6	70070.1	70060.3	70070.4	70108.9	70122.6	70081.4	70093.5	70083.7	70119.6	70145.7	70120	70123.9	70124.1	70137.7	
69961.1	69959.1	69950.3	69943.3	69961	69958.6	69911.1	69916.2	69914.5	69950.2	69924.6	69893.1	69883.1	69893.4	69932.2	69945.8	69904.4	69916.4	69906.7	69942.8	69969	69943.2	69947	69947.3	69961	
69784.5	69782.3	69773.5	69766.5	69784.3	69781.9	69734.2	69739.1	69737.6	69773.5	69747.8	69716.1	69705.9	69716.4	69755.4	69769.1	69727.4	69739.3	69729.7	69766	69792.4	69766.4	69770	69770.5	69784.3	
69607.7	69605.6	69596.6	69589.7	69607.6	69605.2	69557.2	69562.1	69560.8	69596.7	69570.9	69539	69528.7	69539.4	69578.6	69592.3	69550.4	69562.2	69552.7	69589.2	69615.7	69589.6	69593.1	69593.7	69607.6	
69431.1	69428.8	69419.8	69412.9	69430.9	69428.5	69380.3	69385.1	69383.9	69420	69394	69362	69351.6	69362.4	69401.8	69415.6	69373.4	69385.1	69375.6	69412.4	69439.1	69412.8	69416.2	69416.9	69430.9	
69254.3	69252.1	69242.9	69236	69254.2	69251.8	69203.3	69208	69207.1	69243.3	69217.1	69185	69174.4	69185.4	69225	69238.8	69196.3	69207.9	69198.6	69235.6	69262.4	69236	69239.2	69240.1	69254.2	
69077.6	69075.3	69066.1	69059.3	69077.5	69075.1	69026.4	69031	69030.2	69066.6	69040.2	69008	68997.2	69008.5	69048.3	69062.1	69019.4	69030.9	69021.6	69058.8	69085.8	69059.2	69062.3	69063.3	69077.5	
68901	68898.6	68889.2	68882.5	68900.8	68898.4	68849.4	68854	68853.4	68889.9	68863.3	68831	68820	68831.5	68871.5	68885.3	68842.3	68853.8	68844.6	68882	68909.2	68882.4	68885.4	68886.5	68900.8	
68724.3	68721.8	68712.4	68705.7	68724.1	68721.7	68672.5	68677	68676.5	68713.2	68686.4	68654	68642.9	68654.5	68694.7	68708.5	68665.4	68676.7	68667.6	68705.2	68732.5	68705.6	68708.4	68709.7	68724.1	
68547.6	68545.1	68535.5	68528.8	68547.4	68545	68495.5	68499.9	68499.7	68536.4	68509.5	68477	68465.7	68477.5	68518	68531.8	68488.3	68499.6	68490.5	68528.4	68555.9	68528.8	68531.5	68532.9	68547.4	
68370.9	68368.3	68358.7	68352	68370.7	68368.3	68318.5	68322.9	68322.8	68359.7	68332.6	68300	68288.5	68300.5	68341.2	68355	68311.3	68322.5	68313.5	68351.6	68379.2	68352	68354.6	68356.1	68370.7	
68194.2	68191.6	68181.8	68175.2	68194	68191.6	68141.6	68145.9	68146	68183	68155.7	68123	68111.4	68123.6	68164.4	68178.2	68134.3	68145.4	68136.5	68174.9	68202.6	68175.2	68177.7	68179.3	68194	
68017.5	68014.8	68004.9	67998.4	68017.3	68014.9	67964.6	67968.8	67969.1	68006.3	67978.8	67946	67934.2	67946.5	67987.6	68001.5	67957.3	67968.3	67959.4	67998	68025.9	67998.4	68000.7	68002.5	68017.3	
67840.8	67838.1	67828.1	67821.6	67840.6	67838.2	67787.7	67791.8	67792.3	67829.6	67802	67769	67757	67769.6	67810.9	67824.7	67780.3	67791.2	67782.5	67821.3	67849.3	67821.6	67823.8	67825.7	67840.6	
67664.1	67661.3	67651.2	67644.8	67663.9	67661.5	67610.7	67614.7	67615.4	67652.8	67625.1	67591.9	67579.8	67592.6	67634.1	67648	67603.2	67614.1	67605.4	67644.4	67672.6	67644.8	67646.8	67648.9	67663.9	
67487.4	67484.6	67474.4	67468	67487.2	67484.8	67433.8	67437.7	67438.6	67476.1	67448.2	67415	67402.7	67415.6	67457.3	67471.2	67426.3	67437	67428.4	67467.7	67496	67468	67469.9	67472.1	67487.2	
67310.7	67307.8	67297.6	67291.2	67310.5	67308.1	67256.8	67260.7	67261.7	67299.4	67271.3	67237.9	67225.5	67238.6	67280.5	67294.4	67249.2	67259.9	67251.4	67290.9	67319.3	67291.2	67293	67295.2	67310.5	
67134	67131.1	67120.7	67114.4	67133.8	67131.4	67079.9	67083.6	67084.9	67122.7	67094.4	67060.9	67048.4	67061.6	67103.7	67117.7	67072.3	67082.8	67074.4	67114.1	67142.7	67114.4	67116.1	67118.4	67133.8	
66957.3	66954.3	66943.9	66937.6	66957.1	66954.7	66902.9	66906.6	66908	66946	66917.5	66883.9	66871.2	66884.6	66926.9	66940.9	66895.3	66905.7	66897.4	66937.3	66966.1	66937.6	66939.2	66941.6	66957.2	
66780.6	66777.5	66767	66760.8	66780.4	66778	66726	66729.6	66731.2	66769.2	66740.6	66706.9	66694	66707.6	66750.2	66764.2	66718.2	66728.6	66720.3	66760.5	66789.4	66760.8	66762.2	66764.8	66780.5	
66603.9	66600.8	66590.2	66584	66603.7	66601.3	66549	66552.5	66554.3	66592.5	66563.8	66529.9	66516.8	66530.6	66573.4	66587.4	66541.2	66551.5	66543.3	66583.7	66612.8	66584	66585.3	66588	66603.8	
66427.2	66424	66413.3	66407.2	66427	66424.6	66372	66375.5	66377.5	66415.8	66386.9	66352.9	66339.6	66353.7	66396.6	66410.7	66364.2	66374.4	66366.3	66406.9	66436.1	66407.2	66408.3	66411.2	66427.1	
66250.5	66247.3	66236.5	66230.4	66250.3	66247.9	66195.1	66198.5	66200.6	66239.1	66210	66175.9	66162.5	66176.7	66219.9	66233.9	66187.2	66197.3	66189.3	66230.1	66259.5	66230.4	66231.4	66234.4	66250.4	
66073.8	66070.5	66059.6	66053.5	66073.6	66071.2	66018.1	66021.3	66023.8	66062.4	66033.2	65998.9	65985.3	65999.7	66043.1	66057.2	66010.2	66020.2	66012.2	66053.3	66082.8	66053.6	66054.5	66057.6	66073.7	
65897.1	65893.7	65882.8	65876.7	65896.9	65894.5	65841.1	65844.3	65846.9	65885.7	65856.4	65822	65808.1	65822.7	65866.3	65880.5	65833.2	65843.1	65835.2	65876.5	65906.2	65876.8	65877.5	65880.8	65897	
65720.4	65716.9	65705.9	65699.9	65720.2	65717.8	65664.1	65667.2	65670.1	65708.9	65679.6	65645	65631	65645.7	65689.5	65703.7	65656.2	65666	65658.2	65699.7	65729.5	65700	65700.6	65704	65720.3	
65543.7	65540.2	65529.1	65523.1	65543.5	65541.1	65487.1	65490.1	65493.3	65532.2	65502.8	65468.1	65453.8	65468.8	65512.8	65527	65479.3	65488.9	65481.2	65522.9	65552.9	65523.2	65523.7	65527.2	65543.6	
65367	65363.4	65352.2	65346.2	65366.8	65364.3	65310.1	65313	65316.4	65355.5	65326	65291.1	65276.7	65291.8	65336	65350.3	65302.3	65311.8	65304.1	65346.1	65376.2	65346.4	65346.7	65350.4	65366.9	
65190.3	65186.6	65175.3	65169.4	65190.1	65187.6	65133.1	65135.9	65139.5	65178.8	65149.2	65114.2	65099.5	65114.8	65159.2	65173.6	65125.3	65134.7	65127.1	65169.3	65199.6	65169.6	65169.8	65173.6	65190.2	
65013.6	65009.9	64998.5	64992.6	65013.4	65010.9	64956.1	64958.9	64962.7	65002.1	64972.4	64937.2	64922.4	64937.8	64982.4	64996.9	64948.4	64957.7	64950.1	64992.5	65022.9	64992.8	64992.9	64996.8	65013.5	
64836.9	64833.1	64821.6	64815.8	64836.7	64834.2	64779.1	64781.8	64785.8	64825.3	64795.6	64760.2	64745.2	64760.8	64805.6	64820.1	64771.3	64780.6	64773	64815.7	64846.3	64816	64816	64820	64836.8	
64660.2	64656.3	64644.7	64639	64660	64657.5	64602.1	64604.7	64608.9	64648.6	64618.8	64583.3	64568	64583.8	64628.9	64643.4	64594.4	64603.5	64596	64638.9	64669.6	64639.2	64639	64643.2	64660.1	
64483.5	64479.5	64467.9	64462.1	64483.3	64480.8	64425.1	64427.6	64432.1	64471.9	64442	64406.3	64390.9	64406.8	64452.1	64466.7	64417.4	64426.4	64419	64462.1	64493	64462.4	64462.1	64466.3	64483.4	
64306.8	64302.8	64291	64285.3	64306.6	64304.1	64248.1	64250.5	64255.2	64295.2	64265.2	64229.4	64213.7	64229.9	64275.3	64290	64240.4	64249.3	64242	64285.3	64316.3	64285.6	64285.2	64289.5	64306.7	
64130.1	64126	64114.1	64108.5	64129.9	64127.4	64071.2	64073.5	64078.4	64118.5	64088.4	64052.4	64036.6	64052.9	64098.6	64113.3	64063.4	64072.2	64064.9	64108.5	64139.7	64108.8	64108.2	64112.7	64130	
63953.4	63949.2	63937.3	63931.7	63953.2	63950.7	63894.2	63896.4	63901.5	63941.7	63911.6	63875.5	63859.4	63875.9	63921.8	63936.6	63886.4	63895.1	63887.9	63931.7	63963	63932	63931.3	63935.9	63953.3	
63776.7	63772.4	63760.4	63754.8	63776.5	63774	63717.1	63719.3	63724.7	63765	63734.8	63698.5	63682.2	63698.9	63745	63759.8	63709.4	63718	63710.9	63754.9	63786.4	63755.2	63754.4	63759.1	63776.6	
63600	63595.7	63583.6	63578	63599.8	63597.3	63540.1	63542.2	63547.8	63588.3	63558	63521.5	63505.1	63521.9	63568.2	63583.1	63532.5	63540.9	63533.9	63578.1	63609.7	63578.4	63577.5	63582.3	63599.9	
63423.3	63418.9	63406.7	63401.2	63423.1	63420.6	63363.1	63365.1	63371	63411.6	63381.2	63344.6	63327.9	63344.9	63391.4	63406.4	63355.5	63363.8	63356.8	63401.3	63433.1	63401.6	63400.5	63405.5	63423.2	
63246.7	63242.1	63229.9	63224.4	63246.5	63243.8	63186.2	63188	63194.1	63234.9	63204.4	63167.6	63150.8	63168	63214.7	63229.7	63178.5	63186.8	63179.8	63224.5	63256.4	63224.8	63223.6	63228.7	63246.5	
63070	63065.4	63053	63047.6	63069.8	63067.2	63009.2	63011	63017.3	63058.2	63027.6	62990.7	62973.6	62991	63037.9	63053	63001.5	63009.7	63002.8	63047.7	63079.8	63048	63046.7	63051.9	63069.8	
62893.3	62888.6	62876.2	62870.8	62893.1	62890.4	62832.2	62833.9	62840.4	62881.4	62850.8	62813.7	62796.4	62814	62861.1	62876.3	62824.6	62832.6	62825.8	62870.9	62903.2	62871.2	62869.7	62875.1	62893.1	
62716.6	62711.8	62699.3	62693.9	62716.4	62713.7	62655.2	62656.8	62663.6	62704.7	62674	62636.8	62619.3	62637	62684.4	62699.5	62647.6	62655.5	62648.8	62694.1	62726.5	62694.4	62692.8	62698.3	62716.4	
62539.9	62535	62522.4	62517.1	62539.7	62537	62478.2	62479.7	62486.7	62528	62497.2	62459.8	62442.1	62460	62507.6	62522.8	62470.6	62478.4	62471.7	62517.3	62549.9	62517.6	62515.9	62521.4	62539.7	
62363.2	62358.3	62345.6	62340.3	62363	62360.3	62301.2	62302.6	62309.9	62351.3	62320.4	62282.8	62265	62283.1	62330.8	62346.1	62293.6	62301.3	62294.7	62340.5	62373.2	62340.8	62338.9	62344.6	62363	
62186.4	62181.5	62168.7	62163.5	62186.3	62183.6	62124.2	62125.5	62133	62174.6	62143.6	62105.8	62087.8	62106.1	62154	62169.4	62116.6	62124.2	62117.6	62163.6	62196.6	62164	62162	62167.8	62186.3	
62009.8	62004.7	61991.9	61986.6	62009.6	62006.9	61947.2	61948.5	61956.1	61997.8	61966.8	61928.9	61910.7	61929.1	61977.2	61992.7	61939.6	61947.1	61940.6	61986.8	62019.9	61987.2	61985.1	61991	62009.6	
61833.1	61828	61815	61809.8	61832.9	61830.2	61770.2	61771.4	61779.3	61821.1	61790	61752	61733.5	61752.1	61800.5	61816	61762.7	61770	61763.6	61810	61843.3	61810.4	61808.1	61814.2	61832.9	
61656.4	61651.2	61638.1	61633	61656.2	61653.5	61593.2	61594.3	61602.4	61644.4	61613.2	61575	61556.3	61575.1	61623.7	61639.2	61585.7	61592.9	61586.6	61633.3	61666.6	61633.6	61631.2	61637.4	61656.2	
61479.7	61474.4	61461.2	61456.2	61479.5	61476.8	61416.2	61417.2	61425.5	61467.7	61436.4	61398	61379.1	61398.1	61446.9	61462.5	61408.7	61415.8	61409.5	61456.4	61490	61456.8	61454.2	61460.6	61479.5	
61303	61297.6	61284.4	61279.4	61302.8	61300.1	61239.2	61240.1	61248.7	61291	61259.7	61221.1	61202	61221.1	61270.1	61285.8	61231.7	61238.7	61232.5	61279.6	61313.3	61280	61277.3	61283.8	61302.8	
61126.3	61120.8	61107.6	61102.5	61126.1	61123.4	61062.2	61063	61071.8	61114.2	61082.9	61044.1	61024.9	61044.1	61093.3	61109.1	61054.7	61061.7	61055.5	61102.8	61136.7	61103.2	61100.4	61107	61126.1	
60949.6	60944.1	60930.7	60925.7	60949.4	60946.6	60885.2	60885.9	60895	60937.5	60906.1	60867.2	60847.7	60867.2	60916.6	60932.4	60877.8	60884.6	60878.5	60926	60960	60926.4	60923.5	60930.2	60949.4	
60772.9	60767.3	60753.8	60748.9	60772.7	60769.9	60708.2	60708.9	60718.1	60760.8	60729.3	60690.2	60670.6	60690.2	60739.8	60755.7	60700.8	60707.5	60701.5	60749.2	60783.4	60749.6	60746.6	60753.4	60772.7	
60596.2	60590.5	60576.9	60572.1	60596	60593.2	60531.2	60531.7	60541.2	60584.1	60552.5	60513.2	60493.3	60513.2	60563	60578.9	60523.8	60530.3	60524.4	60572.4	60606.7	60572.8	60569.6	60576.6	60596	
60419.5	60413.7	60400.1	60395.2	60419.3	60416.5	60354.2	60354.7	60364.4	60407.3	60375.7	60336.3	60316.2	60336.3	60386.2	60402.2	60346.8	60353.3	60347.4	60395.7	60430.1	60396	60392.7	60399.8	60419.3	
60242.8	60237	60223.2	60218.4	60242.6	60239.8	60177.2	60177.6	60187.5	60230.6	60198.9	60159.3	60139	60159.2	60209.5	60225.5	60169.8	60176.1	60170.3	60218.8	60253.4	60219.2	60215.7	60222.9	60242.6	
60066.1	60060.2	60046.3	60041.6	60065.9	60063.1	60000.2	60000.5	60010.7	60053.9	60022.1	59982.3	59961.9	59982.2	60032.7	60048.8	59992.8	59999	59993.3	60042	60076.8	60042.4	60038.8	60046.1	60065.9	
59889.4	59883.4	59869.5	59864.8	59889.2	59886.4	59823.2	59823.4	59833.8	59877.2	59845.3	59805.4	59784.7	59805.3	59855.9	59872.1	59815.8	59822	59816.3	59865.2	59900.1	59865.6	59861.9	59869.3	59889.2	
59712.7	59706.7	59692.6	59687.9	59712.5	59709.7	59646.2	59646.3	59656.9	59700.4	59668.5	59628.4	59607.5	59628.3	59679.1	59695.3	59638.8	59644.9	59639.2	59688.4	59723.5	59688.8	59684.9	59692.5	59712.5	
59536	59529.9	59515.7	59511.1	59535.8	59533	59469.2	59469.2	59480.1	59523.7	59491.7	59451.5	59430.4	59451.3	59502.3	59518.6	59461.8	59467.8	59462.2	59511.6	59546.8	59512	59508	59515.7	59535.8	
59359.3	59353.1	59338.9	59334.3	59359.1	59356.3	59292.3	59292.2	59303.2	59347	59314.9	59274.5	59253.2	59274.3	59325.6	59341.9	59284.9	59290.7	59285.2	59334.8	59370.2	59335.2	59331.1	59338.9	59359.1	
59182.6	59176.3	59162	59157.5	59182.4	59179.6	59115.3	59115.1	59126.4	59170.3	59138.1	59097.6	59076.1	59097.3	59148.8	59165.2	59107.9	59113.6	59108.2	59158	59193.5	59158.4	59154.1	59162.1	59182.4	
59005.9	58999.6	58985.2	58980.6	59005.7	59002.9	58938.3	58938	58949.5	58993.6	58961.3	58920.6	58898.9	58920.4	58972	58988.5	58930.9	58936.5	58931.2	58981.2	59016.9	58981.6	58977.2	58985.3	59005.7	
58829.2	58822.8	58808.3	58803.8	58829	58826.2	58761.3	58760.9	58772.7	58816.9	58784.5	58743.7	58721.8	58743.4	58795.2	58811.7	58753.9	58759.4	58754.1	58804.4	58840.2	58804.8	58800.3	58808.5	58829	
58652.5	58646	58631.4	58627	58652.3	58649.5	58584.3	58583.8	58595.8	58640.1	58607.7	58566.7	58544.6	58566.4	58618.4	58635	58576.9	58582.3	58577.1	58627.6	58663.6	58628	58623.3	58631.7	58652.3	
58475.8	58469.2	58454.5	58450.2	58475.6	58472.8	58407.3	58406.7	58418.9	58463.4	58430.9	58389.7	58367.4	58389.4	58441.6	58458.3	58399.9	58405.2	58400	58450.8	58486.9	58451.2	58446.4	58454.9	58475.6	
58299.1	58292.5	58277.6	58273.3	58298.9	58296.1	58230.2	58229.6	58242	58286.7	58254.1	58212.7	58190.2	58212.4	58264.8	58281.6	58222.9	58228.1	58223	58274	58310.3	58274.4	58269.5	58278	58298.9	
58122.4	58115.7	58100.8	58096.5	58122.2	58119.4	58053.3	58052.6	58065.2	58110	58077.3	58035.8	58013.1	58035.4	58088.1	58104.9	58046	58051	58046	58097.2	58133.6	58097.6	58092.6	58101.2	58122.2	
57945.7	57938.9	57923.9	57919.7	57945.5	57942.7	57876.3	57875.5	57888.3	57933.3	57900.5	57858.8	57835.9	57858.4	57911.3	57928.1	57869	57873.9	57868.9	57920.4	57957	57920.7	57915.6	57924.4	57945.5	
57769	57762.2	57747.1	57742.9	57768.8	57766	57699.3	57698.4	57711.5	57756.5	57723.7	57681.9	57658.8	57681.4	57734.5	57751.4	57692	57696.8	57691.9	57743.6	57780.3	57744	57738.7	57747.6	57768.8	
57592.3	57585.4	57570.2	57566	57592.1	57589.2	57522.3	57521.3	57534.6	57579.8	57546.9	57504.9	57481.6	57504.5	57557.8	57574.7	57515	57519.7	57514.9	57566.8	57603.7	57567.1	57561.7	57570.8	57592.1	
57415.6	57408.6	57393.4	57389.2	57415.4	57412.5	57345.3	57344.2	57357.8	57403.1	57370.1	57327.9	57304.4	57327.4	57381	57398	57338	57342.6	57337.8	57390	57427	57390.3	57384.8	57394	57415.4	
57238.9	57231.8	57216.5	57212.4	57238.7	57235.8	57168.3	57167.2	57180.9	57226.4	57193.3	57151	57127.3	57150.5	57204.2	57221.3	57161.1	57165.5	57160.8	57213.2	57250.4	57213.6	57207.9	57217.2	57238.7	
57062.2	57055.1	57039.6	57035.6	57062	57059.1	56991.3	56990	57004	57049.7	57016.5	56974	56950.1	56973.5	57027.4	57044.6	56984.1	56988.4	56983.8	57036.4	57073.7	57036.7	57030.9	57040.4	57062	
56885.5	56878.3	56862.8	56858.8	56885.4	56882.4	56814.3	56813	56827.2	56873	56839.7	56797.1	56772.9	56796.5	56850.7	56867.8	56807.1	56811.3	56806.8	56859.6	56897.1	56859.9	56854	56863.6	56885.3	
56708.8	56701.5	56685.9	56681.9	56708.7	56705.7	56637.3	56635.9	56650.4	56696.2	56662.9	56620.1	56595.8	56619.5	56673.9	56691.1	56630.1	56634.2	56629.7	56682.8	56720.4	56683.1	56677	56686.8	56708.6	
56532.1	56524.8	56509.1	56505.1	56532	56529	56460.3	56458.8	56473.6	56519.5	56486.1	56443.1	56418.6	56442.5	56497.1	56514.4	56453	56457.1	56452.7	56506	56543.8	56506.3	56500.1	56509.9	56531.9	
56355.4	56348	56332.2	56328.3	56355.3	56352.3	56283.2	56281.7	56296.7	56342.8	56309.2	56266	56241.4	56265.5	56320.4	56337.6	56275.9	56280	56275.7	56329.1	56367.1	56329.5	56323.3	56333.2	56355.2	
56178.7	56171.2	56155.3	56151.5	56178.6	56175.6	56106.2	56104.6	56119.8	56166.1	56132.4	56089	56064.2	56088.5	56143.6	56160.8	56098.9	56102.9	56098.7	56152.3	56190.5	56152.7	56146.5	56156.4	56178.5	
56002	55994.4	55978.4	55974.6	56001.9	55998.9	55929.1	55927.5	55942.9	55989.4	55955.5	55911.8	55886.9	55911.5	55966.8	55984	55921.8	55925.7	55921.7	55975.5	56013.8	55975.9	55969.6	55979.6	56001.8	
55825.3	55817.7	55801.6	55797.8	55825.2	55822.2	55752.1	55750.4	55766.1	55812.6	55778.6	55734.8	55709.7	55734.5	55790.1	55807.2	55744.7	55748.7	55744.7	55798.7	55837.1	55799.1	55792.8	55802.8	55825.1	
55648.6	55640.9	55624.7	55621	55648.5	55645.5	55575	55573.3	55589.3	55635.9	55601.8	55557.7	55532.5	55557.5	55613.3	55630.5	55567.6	55571.5	55567.7	55621.9	55660.5	55622.3	55615.9	55626	55648.4	
55471.9	55464.1	55447.8	55444.2	55471.8	55468.8	55398	55396.2	55412.4	55459.2	55424.9	55380.6	55355.3	55380.5	55436.5	55453.7	55390.5	55394.5	55390.7	55445.1	55483.8	55445.5	55439.1	55449.2	55471.7	
55295.3	55287.3	55271	55267.4	55295.1	55292.1	55221	55219.1	55235.5	55282.5	55248.1	55203.6	55178.1	55203.5	55259.7	55276.9	55213.5	55217.4	55213.8	55268.3	55307.1	55268.7	55262.3	55272.5	55295	
55118.6	55110.6	55094.1	55090.5	55118.4	55115.4	55043.9	55042	55058.7	55105.7	55071.2	55026.5	55000.9	55026.5	55083	55100.1	55036.4	55040.3	55036.8	55091.5	55130.5	55091.8	55085.4	55095.7	55118.3	
54941.9	54933.8	54917.2	54913.7	54941.7	54938.7	54866.9	54864.9	54881.8	54929	54894.3	54849.5	54823.7	54849.5	54906.2	54923.3	54859.4	54863.2	54859.8	54914.7	54953.8	54915	54908.6	54918.9	54941.6	
54765.2	54757	54740.3	54736.9	54765	54762	54689.8	54687.8	54704.9	54752.3	54717.5	54672.3	54646.5	54672.4	54729.4	54746.5	54682.2	54686	54682.8	54737.8	54777.2	54738.2	54731.8	54742.1	54764.9	
54588.5	54580.3	54563.5	54560.1	54588.3	54585.3	54512.8	54510.7	54528	54575.6	54540.6	54495.3	54469.3	54495.4	54552.6	54569.8	54505.2	54508.9	54505.8	54561	54600.5	54561.4	54554.9	54565.4	54588.2	
54411.8	54403.5	54386.6	54383.3	54411.6	54408.5	54335.8	54333.6	54351.2	54398.9	54363.8	54318.3	54292.1	54318.5	54375.9	54393	54328.1	54331.8	54328.8	54384.2	54423.9	54384.6	54378	54388.6	54411.5	
54235.1	54226.7	54209.8	54206.4	54234.9	54231.8	54158.8	54156.5	54174.4	54222.1	54187	54141.3	54114.9	54141.5	54199.1	54216.3	54151.2	54154.7	54151.7	54207.4	54247.2	54207.8	54201.1	54211.8	54234.8	
54058.4	54049.9	54032.9	54029.6	54058.2	54055.1	53981.8	53979.4	53997.5	54045.4	54010.2	53964.4	53937.8	53964.5	54022.3	54039.6	53974.2	53977.6	53974.7	54030.6	54070.6	54031	54024.1	54035	54058.1	
53881.7	53873.1	53856.1	53852.8	53881.5	53878.4	53804.9	53802.3	53820.7	53868.7	53833.4	53787.5	53760.6	53787.5	53845.5	53862.9	53797.3	53800.4	53797.7	53853.8	53893.9	53854.3	53847.2	53858.1	53881.4	
53705	53696.3	53679.2	53676	53704.8	53701.6	53627.9	53625.2	53643.8	53692	53656.6	53610.6	53583.4	53610.5	53668.7	53686.1	53620.3	53623.3	53620.6	53677	53717.3	53677.5	53670.2	53681.3	53704.7	
53528.3	53519.6	53502.3	53499.2	53528.1	53524.9	53450.9	53448.2	53467	53515.3	53479.8	53433.6	53406.3	53433.5	53492	53509.4	53443.4	53446.2	53443.6	53500.2	53540.6	53500.7	53493.3	53504.5	53528	
53351.6	53342.8	53325.5	53322.3	53351.4	53348.2	53274	53271.1	53290.1	53338.6	53303	53256.7	53229.1	53256.6	53315.2	53332.7	53266.4	53269.1	53266.6	53323.4	53364	53323.9	53316.4	53327.7	53351.3	
53174.9	53166	53148.7	53145.5	53174.7	53171.5	53097	53094	53113.3	53161.8	53126.2	53079.8	53051.9	53079.6	53138.4	53156	53089.4	53092	53089.5	53146.6	53187.3	53147.1	53139.5	53150.9	53174.6	
52998.2	52989.3	52971.8	52968.7	52998	52994.8	52920.1	52917	52936.4	52985.1	52949.4	52902.9	52874.8	52902.6	52961.6	52979.3	52912.5	52914.9	52912.5	52969.8	53010.7	52970.4	52962.5	52974.1	52997.9	
52821.5	52812.5	52794.9	52791.9	52821.3	52818.1	52743.1	52739.9	52759.6	52808.4	52772.6	52726	52697.7	52725.6	52784.8	52802.6	52735.5	52737.8	52735.5	52793	52834	52793.6	52785.6	52797.3	52821.2	
52644.8	52635.7	52618.1	52615.1	52644.6	52641.4	52566.1	52562.8	52582.7	52631.7	52595.8	52549.1	52520.5	52548.7	52608.1	52625.9	52558.6	52560.7	52558.5	52616.2	52657.4	52616.8	52608.7	52620.5	52644.5	
52468.1	52458.9	52441.2	52438.2	52467.9	52464.7	52389.1	52385.7	52405.9	52455	52419	52372.1	52343.3	52371.7	52431.3	52449.1	52381.6	52383.5	52381.4	52439.4	52480.7	52440	52431.7	52443.7	52467.8	
52291.4	52282.2	52264.4	52261.4	52291.2	52287.9	52212.1	52208.6	52229	52278.3	52242.2	52195.2	52166.2	52194.7	52254.5	52272.4	52204.6	52206.4	52204.4	52262.6	52304.1	52263.2	52254.8	52266.9	52291.1	
52114.7	52105.4	52087.5	52084.6	52114.5	52111.2	52035.2	52031.5	52052.2	52101.5	52065.4	52018.3	51989	52017.7	52077.7	52095.7	52027.7	52029.3	52027.4	52085.8	52127.4	52086.4	52077.8	52090.1	52114.4	
51938	51928.6	51910.6	51907.8	51937.8	51934.5	51858.2	51854.5	51875.3	51924.8	51888.6	51841.4	51811.9	51840.7	51901	51919	51850.7	51852.2	51850.4	51909	51950.8	51909.7	51900.9	51913.3	51937.7	
51761.3	51751.9	51733.8	51730.9	51761.1	51757.8	51681.2	51677.4	51698.5	51748.1	51711.8	51664.4	51634.7	51663.8	51724.2	51742.3	51673.8	51675.1	51673.3	51732.2	51774.1	51732.9	51723.9	51736.5	51761	
51584.6	51575.1	51556.9	51554.1	51584.4	51581	51504.3	51500.3	51521.6	51571.4	51535	51487.5	51457.5	51486.8	51547.4	51565.6	51496.8	51498	51496.3	51555.4	51597.5	51556.1	51547	51559.7	51584.3	
51407.9	51398.3	51380.1	51377.3	51407.8	51404.3	51327.3	51323.2	51344.7	51394.6	51358.2	51310.6	51280.4	51309.8	51370.6	51388.8	51319.9	51320.9	51319.3	51378.7	51420.8	51379.3	51370.1	51382.9	51407.6	
51231.2	51221.5	51203.2	51200.5	51231.1	51227.6	51150.3	51146.1	51167.9	51217.9	51181.4	51133.7	51103.2	51132.8	51193.9	51212.1	51142.9	51143.8	51142.3	51201.8	51244.2	51202.5	51193.2	51206.1	51230.9	
51054.5	51044.8	51026.3	51023.7	51054.4	51050.9	50973.4	50969	50991	51041.2	51004.6	50956.7	50926.1	50955.8	51017.1	51035.4	50965.9	50966.7	50965.2	51025	51067.5	51025.8	51016.2	51029.3	51054.2	
50877.8	50868	50849.5	50846.8	50877.7	50874.2	50796.3	50792	50814	50864.4	50827.8	50779.8	50748.8	50778.7	50840.2	50858.7	50788.9	50789.5	50788.1	50848.2	50890.9	50849	50839.3	50852.4	50877.5	
50701.1	50691.3	50672.7	50670	50701	50697.4	50619.4	50615	50637.1	50687.7	50651	50602.9	50571.7	50601.7	50663.4	50682	50612	50612.4	50611.1	50671.4	50714.2	50672.2	50662.4	50675.6	50700.8	
50524.4	50514.5	50495.9	50493.2	50524.3	50520.7	50442.5	50437.9	50460	50510.9	50474.2	50425.9	50394.5	50424.5	50486.5	50505.2	50435	50435.2	50434	50494.6	50537.6	50495.4	50485.4	50498.8	50524.1	
50347.7	50337.8	50319.1	50316.4	50347.6	50344	50265.5	50260.9	50283.1	50334.1	50297.4	50249	50217.3	50247.5	50309.7	50328.5	50258.1	50258.1	50256.9	50317.8	50360.9	50318.7	50308.5	50322	50347.4	
50171	50161	50142.3	50139.6	50170.9	50167.2	50088.6	50083.8	50106.1	50157.4	50120.6	50072	50040.1	50070.3	50132.9	50151.8	50081	50080.9	50079.8	50141	50184.3	50141.9	50131.5	50145.2	50170.7	
49994.3	49984.3	49965.5	49962.8	49994.2	49990.5	49911.6	49906.8	49929.2	49980.6	49943.8	49895	49862.9	49893.2	49956.1	49975.1	49904.1	49903.8	49902.7	49964.2	50007.6	49965.1	49954.6	49968.4	49994	
49817.6	49807.5	49788.7	49786	49817.5	49813.7	49734.6	49729.8	49752.2	49803.8	49767	49718.1	49685.7	49716.2	49779.2	49798.4	49727.1	49726.6	49725.7	49787.4	49831	49788.4	49777.6	49791.5	49817.3	
49640.9	49630.8	49611.9	49609.2	49640.8	49637	49557.7	49552.7	49575.3	49627.1	49590.2	49541.2	49508.6	49539.1	49602.4	49621.7	49550.2	49549.5	49548.6	49610.6	49654.3	49611.6	49600.7	49614.7	49640.6	
49464.2	49454.1	49435.1	49432.4	49464.1	49460.3	49380.8	49375.8	49398.4	49450.3	49413.4	49364.2	49331.4	49362.1	49425.6	49444.9	49373.2	49372.4	49371.6	49433.8	49477.7	49434.8	49423.8	49437.9	49463.9	
49287.5	49277.4	49258.3	49255.6	49287.4	49283.6	49203.8	49198.7	49221.4	49273.6	49236.6	49187.3	49154.2	49184.9	49248.8	49268.2	49196.2	49195.3	49194.5	49256.9	49301	49258	49246.8	49261.1	49287.2	
49110.8	49100.6	49081.5	49078.8	49110.7	49106.8	49026.9	49021.7	49044.5	49096.8	49059.8	49010.4	48977	49007.9	49071.9	49091.5	49019.2	49018.1	49017.4	49080.1	49124.4	49081.3	49069.9	49084.3	49110.5	
48934.1	48923.9	48904.7	48902	48934	48930.1	48850	48844.7	48867.6	48920	48883	48833.4	48799.9	48830.8	48895.1	48914.8	48842.3	48841	48840.4	48903.3	48947.7	48904.5	48892.9	48907.5	48933.8	
48757.5	48747.1	48728	48725.2	48757.3	48753.4	48673	48667.7	48690.6	48743.3	48706.2	48656.5	48622.7	48653.7	48718.3	48738.1	48665.3	48663.9	48663.3	48726.5	48771.1	48727.7	48716	48730.7	48757.1	
48580.7	48570.4	48551.1	48548.3	48580.6	48576.6	48496	48490.6	48513.6	48566.5	48529.4	48479.5	48445.5	48476.6	48541.4	48561.4	48488.3	48486.7	48486.2	48549.7	48594.4	48550.9	48539	48553.8	48580.4	
48404	48393.7	48374.3	48371.5	48403.9	48399.9	48319.1	48313.6	48336.6	48389.7	48352.6	48302.6	48268.3	48299.5	48364.6	48384.6	48311.4	48309.6	48309.1	48372.9	48417.8	48374.2	48362.1	48377.1	48403.7	
48227.3	48217	48197.5	48194.7	48227.2	48223.2	48142.2	48136.6	48159.7	48213	48175.8	48125.7	48091.1	48122.4	48187.8	48207.9	48134.4	48132.4	48132	48196.1	48241.1	48197.4	48185.2	48200.2	48227	
48050.7	48040.2	48020.7	48017.9	48050.5	48046.5	47965.2	47959.6	47982.7	48036.2	47999	47948.7	47913.9	47945.3	48011	48031.2	47957.5	47955.3	47955	48019.3	48064.5	48020.6	48008.2	48023.4	48050.3	
47874	47863.5	47843.9	47841.1	47873.8	47869.8	47788.3	47782.6	47805.8	47859.4	47822.2	47771.8	47736.7	47768.2	47834.1	47854.5	47780.5	47778.1	47777.9	47842.5	47887.8	47843.9	47831.3	47846.6	47873.6	
47697.3	47686.8	47667.1	47664.3	47697.1	47693	47611.3	47605.5	47628.8	47682.7	47645.5	47594.8	47559.5	47591.1	47657.3	47677.8	47603.5	47601	47600.8	47665.7	47711.2	47667.1	47654.4	47669.8	47696.9	
47520.6	47510	47490.3	47487.5	47520.4	47516.3	47434.4	47428.5	47451.9	47505.9	47468.7	47417.9	47382.4	47414.1	47480.5	47501.1	47426.6	47423.9	47423.8	47488.9	47534.5	47490.3	47477.5	47493	47520.2	
47343.9	47333.3	47313.5	47310.7	47343.7	47339.6	47257.5	47251.5	47274.9	47329.2	47291.9	47241	47205.2	47237	47303.6	47324.3	47249.6	47246.8	47246.7	47312.1	47357.9	47313.6	47300.5	47316.2	47343.5	
47167.2	47156.5	47136.7	47133.9	47167	47162.9	47080.5	47074.5	47098	47152.4	47115.1	47064	47028.1	47059.9	47126.8	47147.6	47072.7	47069.7	47069.7	47135.3	47181.2	47136.8	47123.6	47139.4	47166.8	
46990.5	46979.8	46959.9	46957	46990.3	46986.1	46903.5	46897.4	46921	46975.6	46938.3	46887.1	46850.8	46882.8	46949.9	46970.9	46895.7	46892.5	46892.5	46958.4	47004.6	46960	46946.6	46962.6	46990.1	
46813.8	46803	46783.1	46780.2	46813.6	46809.4	46726.6	46720.4	46744	46798.8	46761.5	46710.1	46673.6	46705.7	46773.1	46794.2	46718.7	46715.4	46715.5	46781.6	46827.9	46783.2	46769.7	46785.8	46813.4	
46637.1	46626.3	46606.3	46603.4	46636.9	46632.6	46549.6	46543.3	46567.1	46622.1	46584.7	46533.2	46496.4	46528.6	46596.3	46617.5	46541.7	46538.2	46538.4	46604.8	46651.3	46606.4	46592.8	46609	46636.7	
46460.4	46449.6	46429.5	46426.6	46460.2	46455.9	46372.7	46366.3	46390.1	46445.3	46407.9	46356.2	46319.3	46351.5	46419.5	46440.8	46364.8	46361.1	46361.3	46428	46474.6	46429.7	46415.8	46432.1	46460	
46283.7	46272.8	46252.7	46249.8	46283.5	46279.2	46195.7	46189.2	46213.1	46268.5	46231	46179.3	46142	46174.4	46242.6	46264	46187.8	46184	46184.2	46251.2	46298	46252.9	46238.9	46255.3	46283.3	
46107	46096.1	46075.9	46073	46106.8	46102.5	46018.8	46012.2	46036.2	46091.8	46054.3	46002.4	45964.9	45997.4	46065.8	46087.3	46010.8	46006.9	46007.2	46074.4	46121.3	46076.1	46062	46078.5	46106.6	
45930.3	45919.4	45899.1	45896.2	45930.1	45925.7	45841.8	45835.2	45859.2	45915	45877.5	45825.4	45787.7	45820.3	45889	45910.6	45833.8	45829.7	45830.1	45897.6	45944.7	45899.3	45885	45901.7	45929.9	
45753.6	45742.7	45722.3	45719.4	45753.4	45749	45664.9	45658.2	45682.3	45738.3	45700.7	45648.5	45610.5	45643.2	45712.1	45733.9	45656.9	45652.6	45653	45720.8	45768	45722.6	45708.1	45724.9	45753.2	
45576.9	45565.9	45545.5	45542.6	45576.7	45572.3	45488	45481.2	45505.4	45561.5	45523.9	45471.5	45433.4	45466.1	45535.3	45557.2	45479.9	45475.5	45476	45544	45591.4	45545.8	45531.2	45548.1	45576.5	
45400.2	45389.2	45368.7	45365.7	45400	45395.6	45311	45304.1	45328.3	45384.7	45347.1	45294.6	45256.2	45289	45358.5	45380.4	45302.9	45298.3	45298.9	45367.2	45414.7	45369	45354.2	45371.3	45399.8	
45223.5	45212.4	45191.9	45188.9	45223.3	45218.9	45134.1	45127.1	45151.4	45208	45170.3	45117.7	45079	45112	45181.6	45203.7	45126	45121.2	45121.8	45190.4	45238.1	45192.2	45177.3	45194.5	45223.1	
45046.8	45035.7	45015.1	45012.1	45046.6	45042.1	44957.1	44950.1	44974.4	45031.2	44993.4	44940.7	44901.8	44934.9	45004.8	45027	44949	44944.1	44944.7	45013.6	45061.4	45015.5	45000.3	45017.7	45046.4	
44870.1	44859	44838.3	44835.3	44869.9	44865.4	44780.2	44773.1	44797.5	44854.5	44816.7	44763.8	44724.7	44757.8	44828	44850.3	44772.1	44767	44767.7	44836.8	44884.8	44838.7	44823.4	44840.9	44869.7	
44693.4	44682.2	44661.5	44658.5	44693.2	44688.6	44603.2	44596.1	44620.5	44677.7	44639.8	44586.8	44547.4	44580.7	44651.2	44673.6	44595.1	44589.8	44590.6	44660	44708.1	44661.9	44646.5	44664	44693	
44516.7	44505.5	44484.7	44481.7	44516.5	44511.9	44426.3	44419	44443.6	44500.9	44463.1	44409.9	44370.3	44403.6	44474.3	44496.8	44418.1	44412.7	44413.5	44483.2	44531.5	44485.1	44469.5	44487.2	44516.3	
44340	44328.8	44307.9	44304.9	44339.8	44335.2	44249.3	44242	44266.6	44324.1	44286.3	44232.9	44193.1	44226.5	44297.5	44320.1	44241.2	44235.5	44236.5	44306.4	44354.8	44308.3	44292.6	44310.4	44339.6	
44163.3	44152	44131	44128.1	44163.1	44158.5	44072.4	44065	44089.7	44147.4	44109.5	44056	44015.9	44049.5	44120.7	44143.4	44064.2	44058.4	44059.4	44129.5	44178.2	44131.6	44115.7	44133.6	44162.9	
43986.6	43975.3	43954.2	43951.2	43986.4	43981.8	43895.4	43887.9	43912.7	43970.6	43932.7	43879	43838.7	43872.3	43943.8	43966.7	43887.2	43881.3	43882.3	43952.7	44001.5	43954.8	43938.7	43956.8	43986.2	
43809.9	43798.5	43777.5	43774.4	43809.7	43805	43718.5	43710.9	43735.8	43793.9	43755.9	43702.1	43661.6	43695.3	43767	43790	43710.3	43704.1	43705.3	43775.9	43824.8	43778	43761.8	43780	43809.5	
43633.2	43621.8	43600.7	43597.6	43633	43628.3	43541.6	43533.9	43558.8	43617.1	43579.1	43525.2	43484.4	43518.2	43590.2	43613.3	43533.3	43527	43528.2	43599.1	43648.2	43601.3	43584.9	43603.2	43632.8	
43456.5	43445.1	43423.8	43420.8	43456.3	43451.6	43364.6	43356.9	43381.9	43440.3	43402.3	43348.2	43307.2	43341.1	43413.4	43436.5	43356.4	43349.9	43351.2	43422.3	43471.5	43424.5	43408	43426.4	43456.1	
43279.8	43268.3	43247.1	43244	43279.7	43274.9	43187.7	43179.9	43204.9	43263.6	43225.5	43171.3	43130.1	43164.1	43236.6	43259.8	43179.4	43172.8	43174.1	43245.5	43294.9	43247.7	43231	43249.6	43279.4	
43103.1	43091.6	43070.2	43067.2	43102.9	43098.1	43010.7	43002.8	43027.9	43086.8	43048.7	42994.3	42952.8	42986.9	43059.7	43083.1	43002.4	42995.6	42997	43068.7	43118.2	43070.9	43054.1	43072.7	43102.7	
42926.4	42914.8	42893.5	42890.4	42926.3	42921.4	42833.8	42825.8	42851	42910	42871.9	42817.4	42775.7	42809.9	42882.9	42906.4	42825.5	42818.5	42819.9	42891.9	42941.6	42894.2	42877.2	42896	42926	
42749.7	42738.1	42716.7	42713.6	42749.5	42744.7	42656.8	42648.8	42674	42733.3	42695.1	42640.4	42598.4	42632.7	42706.1	42729.7	42648.4	42641.3	42642.8	42715.1	42764.9	42717.4	42700.2	42719.1	42749.3	
42573	42561.4	42539.9	42536.8	42572.9	42568	42479.9	42471.8	42497.1	42556.5	42518.3	42463.5	42421.3	42455.7	42529.3	42553	42471.5	42464.2	42465.8	42538.3	42588.3	42540.6	42523.3	42542.3	42572.6	
42396.3	42384.6	42363	42359.9	42396.2	42391.2	42302.9	42294.7	42320.1	42379.7	42341.5	42286.6	42244.1	42278.6	42352.4	42376.2	42294.5	42287.1	42288.7	42361.5	42411.6	42363.8	42346.3	42365.5	42395.9	
42219.7	42207.9	42186.2	42183.1	42219.5	42214.5	42126	42117.7	42143.2	42203	42164.7	42109.6	42066.9	42101.5	42175.6	42199.5	42117.6	42109.9	42111.6	42184.7	42235	42187.1	42169.4	42188.7	42219.2	
42043	42031.2	42009.4	42006.3	42042.8	42037.8	41949	41940.7	41966.2	42026.2	41987.9	41932.7	41889.7	41924.4	41998.7	42022.8	41940.6	41932.8	41934.5	42007.8	42058.3	42010.3	41992.4	42011.9	42042.5	
41866.3	41854.4	41832.6	41829.5	41866.1	41861	41772.1	41763.7	41789.3	41849.5	41811.1	41755.7	41712.6	41747.3	41821.9	41846.1	41763.6	41755.7	41757.5	41831	41881.7	41833.5	41815.5	41835.1	41865.8	
41689.6	41677.7	41655.9	41652.7	41689.4	41684.3	41595.1	41586.6	41612.4	41672.7	41634.3	41578.8	41535.3	41570.3	41645.1	41669.3	41586.6	41578.5	41580.5	41654.2	41705	41656.8	41638.6	41658.3	41689.1	
41512.9	41501	41479.1	41475.9	41512.7	41507.6	41418.1	41409.5	41435.5	41495.9	41457.5	41401.9	41358.2	41393.3	41468.4	41492.5	41409.6	41401.4	41403.5	41477.4	41528.4	41480	41461.7	41481.5	41512.4	
41336.2	41324.2	41302.2	41299.1	41336	41330.9	41241.1	41232.3	41258.6	41319.1	41280.7	41224.9	41181	41216.4	41291.7	41315.8	41232.6	41224.3	41226.5	41300.6	41351.7	41303.2	41284.9	41304.8	41335.7	
41159.5	41147.5	41125.5	41122.2	41159.3	41154.1	41064.1	41055.1	41081.7	41142.3	41103.9	41048	41003.8	41039.4	41115	41139	41055.6	41047.1	41049.5	41123.8	41175.1	41126.4	41108	41128	41159	
40982.8	40970.8	40948.7	40945.4	40982.6	40977.4	40887.1	40878	40904.9	40965.6	40927.1	40871	40826.6	40862.5	40938.2	40962.2	40878.5	40870	40872.5	40947	40998.4	40949.6	40931.1	40951.2	40982.3	
40806.1	40794	40771.8	40768.6	40805.9	40800.7	40710.1	40700.8	40728	40788.8	40750.3	40694	40649.3	40685.5	40761.5	40785.5	40701.5	40692.8	40695.5	40770.2	40821.8	40772.9	40754.2	40774.4	40805.6	
40629.4	40617.3	40595.1	40591.8	40629.2	40624	40533.1	40523.7	40551.1	40612	40573.5	40517.2	40472.2	40508.6	40584.8	40608.7	40524.6	40515.7	40518.6	40593.4	40645.1	40596.1	40577.4	40597.6	40628.9	
40452.7	40440.6	40418.2	40414.9	40452.5	40447.3	40356.1	40346.5	40374.2	40435.2	40396.6	40340	40294.9	40331.6	40408.1	40431.9	40347.5	40338.5	40341.6	40416.6	40468.5	40419.3	40400.5	40420.9	40452.2	
40276	40263.9	40241.4	40238.1	40275.8	40270.5	40179.2	40169.5	40197.4	40258.5	40219.7	40163	40117.7	40154.7	40231.4	40255.1	40170.4	40161.4	40164.6	40239.8	40291.8	40242.5	40223.6	40244.1	40275.5	
40099.3	40087.2	40064.7	40061.3	40099.1	40093.8	40002.2	39992.4	40020.5	40081.7	40042.7	39985.9	39940.5	39977.8	40054.6	40078.3	39993.3	39984.2	39987.6	40063	40115.1	40065.7	40046.7	40067.3	40098.8	
39922.6	39910.4	39887.8	39884.5	39922.4	39917.1	39825.2	39815.3	39843.7	39904.9	39865.8	39808.8	39763.2	39800.8	39877.9	39901.5	39816.3	39807.1	39810.6	39886.2	39938.5	39889	39869.8	39890.5	39922.1	
39745.9	39733.7	39711.1	39707.7	39745.7	39740.4	39648.3	39638.3	39666.8	39728.2	39688.9	39631.7	39586.1	39623.8	39701.2	39724.7	39639.2	39629.9	39633.7	39709.4	39761.8	39712.2	39693	39713.8	39745.4	
39569.2	39557	39534.3	39530.8	39569	39563.6	39471.3	39461.2	39489.9	39551.4	39511.9	39454.6	39408.8	39446.9	39524.5	39547.9	39462.1	39452.7	39456.6	39532.6	39585.2	39535.4	39516.1	39537	39568.7	
39392.5	39380.3	39357.5	39354	39392.3	39386.9	39294.3	39284	39313.1	39374.6	39335	39277.5	39231.5	39269.9	39347.8	39371.1	39285.1	39275.6	39279.7	39355.8	39408.5	39358.7	39339.2	39360.2	39392	
39215.8	39203.6	39180.7	39177.2	39215.6	39210.2	39117.3	39107	39136.2	39197.9	39158	39100.4	39054.4	39093	39171	39194.3	39108	39098.4	39102.7	39179	39231.9	39181.9	39162.3	39183.5	39215.3	
39039.1	39026.9	39003.9	39000.4	39038.9	39033.5	38940.4	38929.9	38959.4	39021.1	38981.1	38923.3	38877.1	38916.1	38994.3	39017.5	38930.9	38921.3	38925.7	39002.2	39055.2	39005.1	38985.5	39006.7	39038.6	
38862.4	38850.2	38827.1	38823.6	38862.2	38856.8	38763.4	38752.8	38782.5	38844.3	38804.2	38746.2	38699.9	38739.1	38817.6	38840.7	38753.9	38744.1	38748.7	38825.4	38878.6	38828.3	38808.6	38829.9	38861.9	
38685.7	38673.5	38650.3	38646.8	38685.5	38680	38586.5	38575.7	38605.7	38667.6	38627.2	38569.1	38522.7	38562.2	38640.9	38663.9	38576.8	38567	38571.8	38648.6	38701.9	38651.6	38631.7	38653.2	38685.2	
38509	38496.8	38473.5	38470	38508.8	38503.3	38409.5	38398.6	38428.8	38490.8	38450.3	38392	38345.4	38385.2	38464.2	38487.1	38399.7	38389.8	38394.7	38471.8	38525.2	38474.8	38454.8	38476.4	38508.5	
38332.3	38320.1	38296.7	38293.2	38332.1	38326.6	38232.5	38221.6	38251.9	38314	38273.4	38215	38168.2	38208.3	38287.5	38310.3	38222.7	38212.7	38217.8	38295	38348.6	38298	38277.9	38299.6	38331.8	
38155.6	38143.3	38119.9	38116.3	38155.4	38149.8	38055.5	38044.4	38075.1	38137.2	38096.4	38037.8	37991	38031.4	38110.7	38133.5	38045.6	38035.4	38040.8	38118.2	38171.9	38121.2	38101	38122.8	38155.1	
37978.9	37966.6	37943.2	37939.5	37978.7	37973.1	37878.6	37867.4	37898.2	37960.5	37919.5	37860.8	37813.8	37854.4	37934	37956.7	37868.5	37858.3	37863.8	37941.4	37995.3	37944.4	37924.2	37946.1	37978.4	
37802.2	37789.9	37766.4	37762.7	37802	37796.4	37701.6	37690.3	37721.4	37783.7	37742.6	37683.7	37636.6	37677.5	37757.3	37779.9	37691.5	37681.2	37686.9	37764.6	37818.6	37767.7	37747.3	37769.3	37801.7	
37625.5	37613.2	37589.6	37585.9	37625.3	37619.7	37524.7	37513.2	37544.5	37606.9	37565.6	37506.6	37459.3	37500.5	37580.6	37603.1	37514.4	37504	37509.8	37587.8	37642	37590.9	37570.4	37592.5	37625	
37448.8	37436.5	37412.8	37409.1	37448.6	37443	37347.7	37336.2	37367.6	37430.2	37388.7	37329.5	37282.1	37323.6	37403.8	37426.3	37337.3	37326.9	37332.9	37411	37465.3	37414.1	37393.5	37415.8	37448.3	
37272.1	37259.8	37236	37232.2	37271.9	37266.3	37170.8	37159.1	37190.8	37253.4	37211.8	37152.4	37104.9	37146.7	37227.1	37249.5	37160.2	37149.7	37155.8	37234.2	37288.7	37237.4	37216.6	37239	37271.6	
37095.4	37083.1	37059.2	37055.4	37095.2	37089.5	36993.8	36982	37013.9	37076.6	37034.8	36975.3	36927.7	36969.7	37050.4	37072.7	36983.2	36972.5	36978.9	37057.4	37112	37060.6	37039.7	37062.2	37094.9	
36918.7	36906.4	36882.4	36878.6	36918.5	36912.8	36816.8	36804.9	36837.1	36899.9	36857.9	36798.2	36750.4	36792.8	36873.7	36895.9	36806.1	36795.3	36801.9	36880.6	36935.3	36883.8	36862.8	36885.5	36918.2	
36742	36729.7	36705.6	36701.8	36741.8	36736.1	36639.9	36627.8	36660.2	36723.1	36681	36621.2	36573.2	36615.8	36697	36719.1	36629	36618.2	36624.9	36703.8	36758.7	36707	36686	36708.7	36741.5	
36565.3	36553	36528.8	36525	36565.1	36559.3	36462.9	36450.7	36483.4	36546.3	36504	36444.1	36396	36438.9	36520.3	36542.3	36451.9	36441	36447.9	36527	36582	36530.2	36509.1	36531.9	36564.8	
36388.6	36376.2	36352.1	36348.2	36388.4	36382.6	36286	36273.7	36306.5	36369.6	36327.1	36267	36218.8	36262	36343.6	36365.5	36274.9	36263.9	36270.9	36350.2	36405.4	36353.5	36332.2	36355.2	36388.1	
36211.9	36199.5	36175.2	36171.3	36211.7	36205.9	36108.9	36096.5	36129.6	36192.8	36150.1	36089.9	36041.5	36085	36166.8	36188.7	36097.8	36086.7	36093.9	36173.4	36228.7	36176.7	36155.3	36178.4	36211.4	
36035.2	36022.8	35998.5	35994.5	36035	36029.2	35932	35919.5	35952.8	36016	35973.2	35912.8	35864.3	35908.1	35990.1	36011.9	35920.7	35909.5	35916.9	35996.6	36052.1	35999.9	35978.4	36001.6	36034.7	
35858.5	35846.1	35821.7	35817.7	35858.3	35852.5	35755	35742.4	35776	35839.3	35796.3	35735.7	35687.1	35731.1	35813.4	35835.1	35743.7	35732.4	35740	35819.8	35875.4	35823.2	35801.5	35824.8	35858	
35681.8	35669.4	35644.9	35640.9	35681.6	35675.7	35578.1	35565.3	35599.1	35662.5	35619.3	35558.6	35509.8	35554.1	35636.7	35658.3	35566.6	35555.2	35563	35643	35698.7	35646.4	35624.6	35648.1	35681.3	
35505.2	35492.7	35468.1	35464.1	35504.9	35499	35401.1	35388.2	35422.2	35485.7	35442.4	35381.6	35332.6	35377.2	35460	35481.5	35389.5	35378.1	35386	35466.2	35522.1	35469.6	35447.8	35471.3	35504.6	
35328.4	35316	35291.3	35287.3	35328.2	35322.3	35224.1	35211.1	35245.4	35309	35265.5	35204.4	35155.4	35200.3	35283.2	35304.6	35212.4	35200.9	35209	35289.4	35345.4	35292.8	35270.9	35294.5	35327.9	
35151.8	35139.3	35114.6	35110.5	35151.5	35145.6	35047.2	35034.1	35068.6	35132.2	35088.6	35027.4	34978.2	35023.3	35106.5	35127.9	35035.4	35023.7	35032	35112.6	35168.8	35116.1	35094	35117.8	35151.2	
34975.1	34962.6	34937.8	34933.7	34974.8	34968.9	34870.2	34857	34891.7	34955.4	34911.6	34850.3	34800.9	34846.4	34929.8	34951.1	34858.3	34846.5	34855	34935.8	34992.1	34939.3	34917.1	34941	34974.5	
34798.4	34785.8	34761	34756.8	34798.1	34792.1	34693.3	34679.9	34714.8	34778.7	34734.7	34673.2	34623.7	34669.4	34753.1	34774.3	34681.2	34669.4	34678	34759	34815.5	34762.5	34740.2	34764.2	34797.8	
34621.7	34609.1	34584.2	34580	34621.4	34615.4	34516.3	34502.8	34537.9	34601.9	34557.8	34496.1	34446.5	34492.5	34576.4	34597.5	34504.1	34492.2	34501.1	34582.2	34638.8	34585.7	34563.4	34587.4	34621.1	
34445	34432.4	34407.4	34403.2	34444.7	34438.7	34339.2	34325.7	34361.1	34425.1	34380.9	34319	34269.2	34315.5	34399.7	34420.7	34327.1	34315	34324.1	34405.4	34462.1	34408.9	34386.5	34410.7	34444.4	
34268.3	34255.7	34230.6	34226.4	34268	34261.9	34162.2	34148.6	34184.2	34248.3	34204	34141.9	34092	34138.5	34222.9	34243.9	34150	34137.9	34147.1	34228.6	34285.5	34232.2	34209.6	34233.9	34267.7	
34091.6	34079	34053.8	34049.5	34091.3	34085.3	33985.2	33971.5	34007.4	34071.6	34027.2	33964.9	33914.8	33961.6	34046.2	34067.2	33972.9	33960.7	33970.1	34051.8	34108.8	34055.4	34032.7	34057.1	34091	
33914.9	33902.2	33877	33872.7	33914.6	33908.5	33808.2	33794.4	33830.5	33894.8	33850.3	33787.8	33737.6	33784.6	33869.5	33890.4	33795.9	33783.6	33793.1	33875	33932.2	33878.6	33855.8	33880.3	33914.4	
33738.2	33725.5	33700.2	33695.9	33737.9	33731.8	33631.2	33617.3	33653.6	33718	33673.4	33610.8	33560.4	33607.6	33692.8	33713.6	33618.8	33606.4	33616.1	33698.2	33755.5	33701.8	33678.9	33703.6	33737.6	
33561.5	33548.8	33523.4	33519.1	33561.3	33555.1	33454.1	33440.2	33476.8	33541.2	33496.5	33433.7	33383.2	33430.7	33516.1	33536.9	33441.7	33429.3	33439.2	33521.4	33578.9	33525.1	33502.1	33526.8	33561	
33384.8	33372	33346.6	33342.2	33384.5	33378.4	33277.1	33263.1	33299.9	33364.4	33319.7	33256.6	33205.9	33253.7	33339.4	33360.1	33264.7	33252.1	33262.2	33344.6	33402.2	33348.3	33325.2	33350	33384.2	
33208.1	33195.3	33169.8	33165.4	33207.9	33201.7	33100.1	33086	33123	33187.7	33142.8	33079.6	33028.7	33076.8	33162.6	33183.3	33087.6	33075	33085.2	33167.8	33225.6	33171.5	33148.3	33173.3	33207.6	
33031.4	33018.6	32993	32988.6	33031.1	33024.9	32923	32908.8	32946.1	33010.8	32965.9	32902.4	32851.4	32899.8	32985.9	33006.5	32910.5	32897.8	32908.2	32991	33048.9	32994.7	32971.4	32996.5	33030.8	
32854.7	32841.8	32816.1	32811.8	32854.5	32848.2	32746	32731.7	32769.3	32834.2	32789	32725.4	32674.2	32722.7	32809.2	32829.8	32733.5	32720.6	32731.2	32814.2	32872.3	32818	32794.5	32819.7	32854.1	
32678	32665	32639.2	32634.9	32677.8	32671.4	32569	32554.6	32592.5	32657.4	32612.1	32548.3	32496.9	32545.7	32632.4	32653	32556.4	32543.4	32554.2	32637.3	32695.6	32641.2	32617.6	32642.9	32677.4	
32501.3	32488.2	32462.3	32458.2	32501.1	32494.6	32392	32377.5	32415.6	32480.7	32435.3	32371.2	32319.7	32368.7	32455.6	32476.2	32379.3	32366.2	32377.1	32460.5	32519	32464.4	32440.7	32466.1	32500.7	
32324.6	32311.3	32285.4	32281.3	32324.4	32317.8	32214.9	32200.4	32238.8	32304	32258.4	32194.1	32142.4	32191.6	32278.8	32299.4	32202.2	32189	32200.1	32283.6	32342.3	32287.6	32263.8	32289.3	32324	
32147.9	32134.5	32108.5	32104.5	32147.7	32141.1	32037.9	32023.3	32062	32127.3	32081.5	32017	31965.2	32014.6	32102.1	32122.6	32025.1	32011.8	32023.1	32106.8	32165.7	32110.8	32087	32112.5	32147.2	
31971.2	31957.8	31931.7	31927.8	31971	31964.3	31860.9	31846.3	31885.1	31950.6	31904.7	31839.9	31788	31837.6	31925.3	31945.9	31848.1	31834.7	31846.1	31930	31989	31934.1	31910.1	31935.8	31970.5	
31794.5	31781	31754.9	31750.9	31794.3	31787.5	31683.8	31669.1	31708.2	31773.8	31727.7	31662.7	31610.6	31660.5	31748.5	31769.1	31670.9	31657.4	31669	31753.2	31812.4	31757.3	31733.2	31759	31793.8	
31617.8	31604.3	31578.1	31574.2	31617.7	31610.6	31506.8	31492.1	31531.3	31597	31550.9	31485.6	31433.4	31483.5	31571.8	31592.3	31493.9	31480.3	31492	31576.4	31635.7	31580.5	31556.3	31582.2	31617.1	
31441.1	31427.5	31401.3	31397.3	31441	31433.8	31329.7	31315	31354.4	31420.3	31374	31308.5	31256.1	31306.4	31395	31415.5	31316.7	31303.1	31315	31399.5	31459.1	31403.7	31379.4	31405.4	31440.4	
31264.4	31250.8	31224.5	31220.6	31264.3	31257	31152.6	31137.9	31177.5	31243.5	31197.1	31131.3	31078.9	31129.3	31218.2	31238.8	31139.7	31125.9	31138	31222.7	31282.4	31226.9	31202.5	31228.6	31263.6	
31087.7	31074	31047.7	31043.7	31087.6	31080.2	30975.6	30960.8	31000.6	31066.7	31020.2	30954.2	30901.5	30952.2	31041.4	31062	30962.6	30948.7	30961	31045.9	31105.8	31050.1	31025.6	31051.8	31086.9	
30911	30897.3	30870.9	30867	30910.9	30903.4	30798.5	30783.7	30823.7	30890	30843.3	30777.1	30724.3	30775.2	30864.6	30885.2	30785.5	30771.6	30784	30869.1	30929.1	30873.4	30848.8	30875	30910.2	
30734.3	30720.5	30694	30690.2	30734.2	30726.6	30621.4	30606.6	30646.8	30713.2	30666.4	30599.8	30547	30598.1	30687.8	30708.4	30608.3	30594.3	30606.9	30692.2	30752.5	30696.6	30671.9	30698.2	30733.5	
30557.6	30543.7	30517.3	30513.4	30557.5	30549.8	30444.3	30429.6	30470	30536.4	30489.4	30422.7	30369.8	30421.1	30511	30531.6	30431.2	30417.2	30430	30515.4	30575.8	30519.8	30495.1	30521.5	30556.8	
30380.9	30367	30340.5	30336.6	30380.8	30373.1	30267.2	30252.5	30293.2	30359.7	30312.5	30245.5	30192.5	30244	30334.2	30354.8	30254.1	30240.1	30253	30338.6	30399.2	30343	30318.2	30344.7	30380.1	
30204.2	30190.2	30163.7	30159.8	30204	30196.3	30090.2	30075.4	30116.4	30182.9	30135.5	30068.2	30015.2	30066.9	30157.4	30178.1	30077.1	30063	30076.1	30161.7	30222.5	30166.2	30141.4	30167.9	30203.4	
30027.5	30013.5	29986.9	29983	30027.3	30019.6	29913.2	29898.4	29939.6	30006.1	29958.6	29891.1	29838	29889.9	29980.6	30001.3	29900	29885.9	29899.2	29984.9	30045.8	29989.5	29964.6	29991.2	30026.7	
29850.8	29836.7	29810.1	29806.2	29850.6	29842.8	29736	29721.4	29762.8	29829.3	29781.6	29713.9	29660.8	29712.8	29803.8	29824.5	29722.9	29708.8	29722.2	29808.1	29869.2	29812.7	29787.8	29814.4	29850	
29674.1	29660	29633.3	29629.5	29673.9	29666.1	29559	29544.4	29586.1	29652.6	29604.7	29536.8	29483.6	29535.8	29627	29647.8	29545.9	29531.8	29545.3	29631.3	29692.6	29635.9	29611	29637.6	29673.3	
29497.4	29483.2	29456.4	29452.7	29497.2	29489.3	29381.9	29367.4	29409.3	29475.9	29427.8	29359.6	29306.4	29358.8	29450.3	29471	29368.8	29354.6	29368.4	29454.4	29515.9	29459.1	29434.1	29460.8	29496.6	
29320.7	29306.5	29279.7	29275.9	29320.5	29312.6	29204.9	29190.4	29232.5	29299.2	29250.8	29182.5	29129.2	29181.9	29273.5	29294.2	29191.7	29177.6	29191.5	29277.6	29339.3	29282.4	29257.3	29284.1	29319.9	
29144	29129.7	29102.9	29099.1	29143.8	29135.8	29027.8	29013.4	29055.7	29122.4	29073.9	29005.4	28952	29004.8	29096.7	29117.5	29014.7	29000.6	29014.6	29100.8	29162.6	29105.6	29080.5	29107.3	29143.2	
28967.3	28953	28926.1	28922.3	28967.1	28959.1	28850.8	28836.5	28878.9	28945.7	28896.9	28828.3	28774.9	28827.7	28919.8	28940.7	28837.7	28823.7	28837.7	28924	28985.9	28928.8	28903.7	28930.6	28966.5	
28790.6	28776.2	28749.3	28745.5	28790.4	28782.3	28673.7	28659.5	28702.1	28768.9	28720	28651.1	28597.7	28650.7	28742.9	28763.9	28660.7	28646.8	28660.8	28747.2	28809.3	28752	28726.9	28753.9	28789.8	
28613.9	28599.5	28572.5	28568.8	28613.7	28605.6	28496.7	28482.5	28525.3	28592.1	28543.1	28474	28420.5	28473.6	28566	28587.1	28483.7	28469.8	28484	28570.4	28632.7	28575.2	28550.1	28577.2	28613.1	
28437.2	28422.7	28395.7	28392	28437	28428.8	28319.6	28305.5	28348.4	28415.4	28366.1	28296.8	28243.3	28296.5	28389.1	28410.4	28306.6	28292.9	28307.1	28393.6	28456	28398.4	28373.3	28400.4	28436.4	
28260.5	28245.9	28218.9	28215.2	28260.3	28252.1	28142.6	28128.5	28171.6	28238.6	28189.2	28119.7	28066.1	28119.5	28212.2	28233.6	28129.6	28115.9	28130.2	28216.8	28279.4	28221.6	28196.5	28223.7	28259.7	
28083.8	28069.2	28042.1	28038.4	28083.6	28075.3	27965.5	27951.6	27994.8	28061.9	28012.3	27942.6	27889	27942.5	28035.3	28056.8	27952.6	27939	27953.3	28040.1	28102.7	28044.8	28019.7	28047	28083	
27907.1	27892.4	27865.3	27861.6	27906.9	27898.5	27788.4	27774.6	27818	27885.1	27835.3	27765.4	27711.8	27765.4	27858.4	27880	27775.6	27762.1	27776.5	27863.3	27926.1	27868	27842.9	27870.3	27906.3	
27730.4	27715.7	27688.5	27684.9	27730.2	27721.8	27611.4	27597.6	27641.1	27708.3	27658.4	27588.3	27534.6	27588.4	27681.6	27703.3	27598.6	27585.2	27599.6	27686.5	27749.4	27691.2	27666.1	27693.6	27729.6	
27553.7	27538.9	27511.7	27508.1	27553.5	27545	27434.3	27420.6	27464.3	27531.5	27481.4	27411.2	27357.4	27411.3	27504.6	27526.5	27421.6	27408.2	27422.7	27509.7	27572.8	27514.4	27489.3	27516.9	27552.9	
27377	27362.2	27335	27331.3	27376.8	27368.3	27257.4	27243.7	27287.4	27354.8	27304.5	27234.1	27180.3	27234.2	27327.7	27349.7	27244.6	27231.3	27245.8	27332.9	27396.1	27337.6	27312.6	27340.2	27376.2	
27200.3	27185.5	27158.3	27154.5	27200.1	27191.5	27080.3	27066.9	27110.5	27177.9	27127.6	27056.9	27003.1	27057.1	27150.8	27173	27067.6	27054.4	27068.9	27156.1	27219.5	27160.8	27135.8	27163.5	27199.5	
27023.6	27008.8	26981.5	26977.8	27023.4	27014.8	26903.3	26889.8	26933.6	27001.2	26950.6	26879.8	26825.9	26880	26973.9	26996.2	26890.6	26877.4	26892	26979.3	27042.8	26984	26959	26986.7	27022.8	
26846.9	26832	26804.7	26801	26846.7	26838	26726.2	26712.8	26756.7	26824.5	26773.7	26702.7	26648.7	26703	26797.1	26819.4	26713.6	26700.5	26715.1	26802.5	26866.2	26807.2	26782.2	26810	26846.1	
26670.3	26655.3	26627.9	26624.2	26670	26661.3	26549.1	26535.8	26579.9	26647.8	26596.8	26525.5	26471.6	26526	26620.3	26642.7	26536.6	26523.5	26538.2	26625.7	26689.5	26630.4	26605.4	26633.2	26669.4	
26493.5	26478.5	26451.1	26447.4	26493.3	26484.5	26372	26358.8	26403.1	26471.1	26419.8	26348.4	26294.4	26349	26443.4	26465.9	26359.5	26346.6	26361.3	26448.9	26512.9	26453.6	26428.6	26456.4	26492.7	
26316.9	26301.7	26274.3	26270.6	26316.7	26307.8	26195	26181.8	26226.3	26294.3	26242.9	26171.3	26117.3	26172.1	26266.6	26289.1	26182.5	26169.7	26184.4	26272.1	26336.2	26276.8	26251.8	26279.7	26316	
26140.2	26125	26097.5	26093.9	26140	26131	26017.9	26004.8	26049.5	26117.6	26065.9	25994.2	25940.1	25995.1	26089.8	26112.3	26005.5	25992.7	26007.5	26095.4	26159.6	26100.1	26075	26102.9	26139.3	
25963.5	25948.2	25920.7	25917.1	25963.2	25954.2	25840.8	25827.8	25872.6	25940.9	25889	25817	25762.9	25818.1	25913	25935.6	25828.5	25815.8	25830.5	25918.6	25982.9	25923.3	25898.2	25926.2	25962.6	
25786.8	25771.5	25743.9	25740.3	25786.6	25777.5	25663.7	25650.8	25695.8	25764.2	25712	25639.9	25585.8	25641.1	25736.1	25758.8	25651.5	25638.8	25653.6	25741.8	25806.3	25746.5	25721.4	25749.4	25785.9	
25610.1	25594.7	25567.1	25563.5	25609.9	25600.7	25486.6	25473.8	25519	25587.5	25535.1	25462.7	25408.6	25464.1	25559.3	25582	25474.4	25461.9	25476.7	25565	25629.6	25569.7	25544.6	25572.6	25609.2	
25433.4	25418	25390.3	25386.7	25433.2	25423.9	25309.6	25296.8	25342.2	25410.8	25358.2	25285.6	25231.4	25287.1	25382.5	25405.3	25297.5	25284.9	25299.8	25388.2	25453	25392.9	25367.8	25395.9	25432.5	
25256.7	25241.2	25213.5	25210	25256.5	25247.2	25132.4	25119.7	25165.3	25234	25181.2	25108.5	25054.2	25110.1	25205.6	25228.5	25120.4	25108	25122.9	25211.4	25276.3	25216.1	25191	25219.1	25255.8	
25080	25064.5	25036.7	25033.2	25079.8	25070.5	24955.4	24942.7	24988.5	25057.3	25004.3	24931.4	24877.1	24933.1	25028.8	25051.7	24943.5	24931	24946	25034.7	25099.7	25039.3	25014.2	25042.4	25079.1	
24903.3	24887.7	24859.8	24856.4	24903.1	24893.7	24778.2	24765.7	24811.6	24880.6	24827.3	24754.2	24699.9	24756.1	24852	24874.9	24766.4	24754.1	24769.1	24857.9	24923	24862.5	24837.4	24865.6	24902.4	
24726.6	24711	24683	24679.6	24726.4	24716.9	24601.2	24588.7	24634.8	24703.9	24650.3	24577	24522.7	24579.1	24675.2	24698.2	24589.4	24577.1	24592.2	24681.1	24746.4	24685.7	24660.6	24688.9	24725.7	
24549.8	24534.2	24506.2	24502.8	24549.7	24540.2	24424.1	24411.7	24458	24527.2	24473.4	24399.9	24345.6	24402.1	24498.4	24521.4	24412.4	24400.2	24415.3	24504.3	24569.7	24508.9	24483.8	24512.1	24549	
24373.2	24357.5	24329.4	24326.1	24373	24363.4	24247	24234.7	24281.2	24350.5	24296.4	24222.8	24168.4	24225.1	24321.6	24344.6	24235.4	24223.2	24238.4	24327.5	24393.1	24332.1	24307	24335.4	24372.3	
24196.5	24180.7	24152.7	24149.3	24196.3	24186.7	24070	24057.7	24104.4	24173.8	24119.5	24045.7	23991.3	24048.2	24144.8	24167.9	24058.4	24046.3	24061.5	24150.7	24216.4	24155.3	24130.3	24158.6	24195.6	
24019.8	24004	23975.9	23972.5	24019.6	24009.9	23892.9	23880.7	23927.5	23997	23942.6	23868.5	23814.1	23871.1	23967.9	23991.1	23881.3	23869.4	23884.6	23973.9	24039.8	23978.5	23953.5	23981.8	24018.9	
23843.1	23827.2	23799.1	23795.8	23842.9	23833.2	23715.8	23703.7	23750.7	23820.3	23765.6	23691.4	23637	23694.1	23791.1	23814.3	23704.3	23692.4	23707.7	23797.1	23863.1	23801.7	23776.7	23805.1	23842.3	
23666.4	23650.4	23622.3	23619	23666.2	23656.4	23538.7	23526.7	23573.9	23643.6	23588.7	23514.3	23459.8	23517.2	23614.3	23637.5	23527.3	23515.5	23530.7	23620.3	23686.5	23624.9	23599.9	23628.3	23665.6	
23489.7	23473.7	23445.5	23442.2	23489.5	23479.6	23361.7	23349.6	23397.1	23466.9	23411.7	23337.1	23282.6	23340.2	23437.5	23460.8	23350.3	23338.5	23353.9	23443.6	23509.8	23448.1	23423.1	23451.6	23488.9	
23313	23296.9	23268.6	23265.4	23312.8	23302.9	23184.5	23172.6	23220.2	23290.2	23234.8	23159.9	23105.4	23163.2	23260.6	23284	23173.2	23161.5	23176.9	23266.8	23333.2	23271.3	23246.3	23274.8	23312.2	
23136.3	23120.2	23091.8	23088.6	23136.1	23126.1	23007.5	22995.6	23043.4	23113.5	23057.8	22982.9	22928.3	22986.2	23083.8	23107.2	22996.3	22984.6	23000	23090	23156.5	23094.5	23069.5	23098.1	23135.5	
22959.6	22943.4	22915	22911.8	22959.4	22949.4	22830.4	22818.6	22866.6	22936.8	22880.9	22805.7	22751.1	22809.2	22907	22930.4	22819.2	22807.6	22823.1	22913.2	22979.9	22917.7	22892.7	22921.3	22958.8	
22782.9	22766.7	22738.2	22735	22782.7	22772.6	22653.3	22641.6	22689.8	22760.1	22704	22628.6	22574	22632.2	22730.2	22753.7	22642.2	22630.7	22646.2	22736.4	22803.2	22740.9	22715.9	22744.5	22782.1	
22606.2	22589.9	22561.4	22558.3	22606	22595.9	22476.2	22464.6	22512.9	22583.3	22527	22451.4	22396.8	22455.2	22553.3	22576.9	22465.2	22453.7	22469.3	22559.6	22626.6	22564.1	22539.1	22567.7	22605.4	
22429.5	22413.1	22384.6	22381.5	22429.3	22419.1	22299.1	22287.6	22336.1	22406.6	22350	22274.3	22219.6	22278.2	22376.5	22400.1	22288.2	22276.8	22292.4	22382.8	22449.9	22387.3	22362.3	22391	22428.7	
22252.8	22236.4	22207.8	22204.7	22252.6	22242.4	22122.1	22110.6	22159.3	22229.9	22173.1	22097.2	22042.5	22101.2	22199.7	22223.4	22111.2	22099.9	22115.5	22206.1	22273.3	22210.6	22185.5	22214.2	22252	
22076.1	22059.6	22031	22027.9	22075.9	22065.6	21945	21933.5	21982.5	22053.2	21996.2	21920	21865.3	21924.2	22022.9	22046.6	21934.2	21922.9	21938.5	22029.3	22096.6	22033.7	22008.7	22037.5	22075.3	
21899.4	21882.9	21854.3	21851.2	21899.3	21888.9	21767.9	21756.5	21805.6	21876.4	21819.3	21743	21688.2	21747.2	21846.1	21869.8	21757.2	21746	21761.7	21852.5	21920	21857	21831.9	21860.7	21898.6	
21722.7	21706.2	21677.5	21674.4	21722.5	21712.1	21590.8	21579.5	21628.7	21699.6	21642.3	21565.8	21511	21570.1	21669.2	21693	21580.2	21569.1	21584.7	21675.7	21743.3	21680.2	21655.1	21683.9	21721.9	
21546	21529.5	21500.8	21497.6	21545.9	21535.3	21413.8	21402.5	21451.8	21522.9	21465.4	21388.7	21333.8	21393.1	21492.4	21516.3	21403.2	21392.2	21407.8	21498.9	21566.7	21503.4	21478.3	21507.2	21545.2	
21369.3	21352.8	21324.1	21320.8	21369.2	21358.6	21236.7	21225.5	21275	21346.1	21288.4	21211.6	21156.7	21216.1	21315.6	21339.5	21226.1	21215.3	21230.9	21322.1	21390	21326.6	21301.5	21330.4	21368.5	
21192.6	21176.1	21147.3	21144	21192.5	21181.8	21059.6	21048.5	21098.1	21169.3	21111.5	21034.4	20979.5	21039.1	21138.8	21162.7	21049.1	21038.3	21053.9	21145.3	21213.4	21149.8	21124.7	21153.6	21191.8	
21015.9	20999.4	20970.6	20967.2	21015.8	21005.1	20882.5	20871.5	20921.2	20992.6	20934.5	20857.3	20802.3	20862	20961.9	20985.9	20872.1	20861.4	20877	20968.5	21036.7	20973	20947.9	20976.9	21015.1	
20839.2	20822.7	20793.8	20790.5	20839.1	20828.3	20705.4	20694.5	20744.3	20815.8	20757.6	20680.2	20625.2	20685	20785.1	20809.2	20695.1	20684.5	20700.1	20791.7	20860.1	20796.2	20771.2	20800.1	20838.4	
20662.5	20645.9	20617.1	20613.7	20662.4	20651.5	20528.3	20517.4	20567.4	20639	20580.6	20503	20448	20508	20608.3	20632.4	20518.1	20507.5	20523.2	20614.9	20683.4	20619.4	20594.3	20623.3	20661.7	
20485.8	20469.2	20440.3	20436.9	20485.7	20474.8	20351.3	20340.4	20390.5	20462.2	20403.7	20325.9	20270.8	20331	20431.5	20455.6	20341.1	20330.6	20346.3	20438.1	20506.8	20442.6	20417.6	20446.6	20485	
20309.1	20292.5	20263.6	20260.1	20309	20298.1	20174.2	20163.4	20213.7	20285.5	20226.8	20148.8	20093.7	20154	20254.7	20278.9	20164.1	20153.7	20169.4	20261.3	20330.1	20265.8	20240.8	20269.8	20308.3	
20132.4	20115.8	20086.8	20083.4	20132.3	20121.3	19997.1	19986.4	20036.9	20108.8	20049.8	19971.6	19916.5	19977	20077.8	20102.1	19987	19976.7	19992.4	20084.5	20153.5	20089	20064	20093	20131.6	
19955.7	19939	19910	19906.6	19955.6	19944.5	19820.1	19809.4	19860	19932.1	19872.9	19794.5	19739.4	19800	19901	19925.3	19810.1	19799.8	19815.6	19907.7	19976.8	19912.2	19887.2	19916.3	19954.9	
19779	19762.3	19733.2	19729.8	19778.9	19767.8	19643	19632.4	19683.2	19755.3	19695.9	19617.4	19562.2	19623	19724.2	19748.5	19633	19622.8	19638.6	19730.9	19800.2	19735.4	19710.4	19739.5	19778.2	
19602.3	19585.5	19556.4	19553	19602.2	19591.1	19465.9	19455.4	19506.4	19578.6	19519	19440.3	19385.1	19446	19547.4	19571.8	19456	19445.9	19461.7	19554.2	19623.5	19558.6	19533.6	19562.8	19601.5	
19425.6	19408.7	19379.6	19376.2	19425.5	19414.3	19288.8	19278.4	19329.6	19401.9	19342.1	19263.1	19207.9	19269	19370.5	19395	19279	19268.9	19284.8	19377.4	19446.9	19381.8	19356.8	19386	19424.8	
19248.9	19232	19202.8	19199.5	19248.8	19237.5	19111.8	19101.4	19152.8	19225.2	19165.1	19086	19030.7	19092	19193.7	19218.2	19102	19092	19107.9	19200.6	19270.2	19205	19180	19209.3	19248.1	
19072.2	19055.2	19026	19022.7	19072.1	19060.8	18934.7	18924.4	18975.9	19048.5	18988.2	18908.9	18853.5	18915	19016.9	19041.4	18925	18915.1	18931	19023.8	19093.6	19028.2	19003.2	19032.5	19071.4	
18895.5	18878.5	18849.2	18845.9	18895.4	18884	18757.6	18747.4	18799.1	18871.8	18811.3	18731.7	18676.4	18738	18840.1	18864.7	18748	18738.1	18754.1	18847	18916.9	18851.5	18826.4	18855.7	18894.7	
18718.8	18701.7	18672.4	18669.1	18718.7	18707.2	18580.5	18570.4	18622.3	18695.1	18634.3	18554.6	18499.2	18561	18663.2	18687.9	18570.9	18561.2	18577.2	18670.2	18740.3	18674.6	18649.6	18679	18718	
18542.1	18525	18495.6	18492.3	18542	18530.5	18403.5	18393.4	18445.4	18518.3	18457.4	18377.5	18322.1	18384	18486.4	18511.1	18394	18384.3	18400.3	18493.5	18563.6	18497.9	18472.8	18502.2	18541.3	
18365.4	18348.3	18318.8	18315.6	18365.3	18353.8	18226.4	18216.4	18268.6	18341.6	18280.4	18200.4	18144.9	18207	18309.6	18334.3	18217	18207.3	18223.4	18316.7	18387	18321.1	18296	18325.5	18364.6	
18188.7	18171.5	18142	18138.8	18188.6	18177	18049.3	18039.4	18091.8	18164.9	18103.5	18023.2	17967.8	18030.1	18132.8	18157.6	18039.9	18030.4	18046.5	18139.9	18210.3	18144.3	18119.3	18148.7	18187.9	
18012	17994.7	17965.2	17962	18011.9	18000.2	17872.3	17862.4	17915	17988.2	17926.6	17846.1	17790.6	17853.1	17956	17980.8	17862.9	17853.4	17869.6	17963.1	18033.7	17967.5	17942.5	17972	18011.2	
17835.3	17818	17788.4	17785.2	17835.2	17823.5	17695.1	17685.3	17738.2	17811.5	17749.6	17669	17613.4	17676.1	17779.1	17804	17685.9	17676.5	17692.6	17786.3	17857	17790.7	17765.6	17795.2	17834.5	
17658.6	17641.2	17611.7	17608.5	17658.5	17646.7	17518.1	17508.4	17561.4	17634.8	17572.7	17491.9	17436.3	17499.1	17602.3	17627.3	17508.9	17499.5	17515.8	17609.5	17680.4	17613.9	17588.9	17618.5	17657.9	
17481.9	17464.5	17434.9	17431.7	17481.8	17469.9	17341	17331.3	17384.5	17458	17395.7	17314.7	17259.1	17322.1	17425.5	17450.5	17331.9	17322.6	17338.8	17432.7	17503.8	17437.1	17412.1	17441.7	17481.1	
17305.2	17287.7	17258.1	17254.9	17305.1	17293.2	17163.9	17154.3	17207.7	17281.3	17218.8	17137.6	17082	17145.1	17248.7	17273.7	17154.9	17145.7	17162	17256	17327.1	17260.3	17235.3	17264.9	17304.5	
17128.5	17111	17081.2	17078.1	17128.4	17116.4	16986.8	16977.3	17030.9	17104.6	17041.8	16960.4	16904.8	16968.1	17071.9	17096.9	16977.8	16968.7	16985	17079.2	17150.4	17083.5	17058.5	17088.2	17127.8	
16951.8	16934.2	16904.4	16901.3	16951.7	16939.7	16809.8	16800.3	16854.1	16927.9	16864.9	16783.3	16727.7	16791.1	16895.1	16920.1	16800.8	16791.7	16808.1	16902.4	16973.8	16906.7	16881.7	16911.4	16951.1	
16775.1	16757.5	16727.6	16724.5	16775	16762.9	16632.7	16623.3	16677.2	16751.2	16687.9	16606.2	16550.5	16614.1	16718.2	16743.4	16623.8	16614.8	16631.2	16725.6	16797.1	16729.9	16704.9	16734.6	16774.4	
16598.4	16580.7	16550.9	16547.8	16598.4	16586.2	16455.6	16446.3	16500.4	16574.5	16511	16429	16373.4	16437.1	16541.4	16566.6	16446.8	16437.9	16454.3	16548.8	16620.5	16553.1	16528.1	16557.9	16597.7	
16421.7	16404	16374.1	16371	16421.7	16409.4	16278.5	16269.3	16323.6	16397.7	16334.1	16251.9	16196.2	16260.2	16364.6	16389.8	16269.8	16260.9	16277.4	16372	16443.9	16376.3	16351.3	16381.1	16421	
16245	16227.2	16197.2	16194.2	16245	16232.7	16101.4	16092.3	16146.8	16221	16157.1	16074.8	16019.1	16083.1	16187.8	16213.1	16092.8	16084	16100.5	16195.2	16267.2	16199.5	16174.5	16204.4	16244.3	
16068.3	16050.5	16020.5	16017.4	16068.3	16055.9	15924.4	15915.3	15970	16044.3	15980.2	15897.6	15841.9	15906.1	16011	16036.3	15915.7	15907	15923.6	16018.4	16090.5	16022.7	15997.7	16027.6	16067.6	
15891.6	15873.7	15843.6	15840.6	15891.6	15879.2	15747.3	15738.3	15793.1	15867.6	15803.2	15720.5	15664.7	15729.2	15834.1	15859.5	15738.7	15730.1	15746.7	15841.7	15913.9	15845.9	15820.9	15850.9	15890.9	
15714.9	15697	15666.8	15663.9	15714.9	15702.4	15570.2	15561.3	15616.3	15690.9	15626.3	15543.4	15487.6	15552.2	15657.3	15682.7	15561.7	15553.1	15569.8	15664.9	15737.2	15669.1	15644.1	15674.1	15714.2	
15538.2	15520.3	15490.1	15487.1	15538.2	15525.7	15393.1	15384.2	15439.4	15514.1	15449.3	15366.2	15310.4	15375.1	15480.5	15506	15384.7	15376.2	15392.8	15488	15560.6	15492.3	15467.3	15497.3	15537.5	
15361.5	15343.6	15313.3	15310.3	15361.5	15348.9	15216.1	15207.3	15262.5	15337.3	15272.4	15189.2	15133.3	15198.1	15303.7	15329.2	15207.7	15199.3	15215.9	15311.3	15384	15315.5	15290.5	15320.5	15360.8	
15184.8	15166.8	15136.5	15133.5	15184.8	15172.1	15038.9	15030.2	15085.7	15160.5	15095.4	15012	14956	15021.1	15126.8	15152.4	15030.6	15022.3	15039	15134.5	15207.3	15138.7	15113.7	15143.8	15184.1	
15008.1	14990.1	14959.7	14956.7	15008.1	14995.4	14861.9	14853.2	14908.8	14983.8	14918.5	14834.9	14778.9	14844.1	14949.9	14975.7	14853.6	14845.3	14862.2	14957.7	15030.7	14961.9	14937	14967.1	15007.4	
14831.4	14813.3	14782.9	14780	14831.4	14818.6	14684.8	14676.2	14732	14807	14741.6	14657.7	14601.7	14667.1	14773	14798.9	14676.5	14668.3	14685.3	14780.9	14854	14785.1	14760.1	14790.4	14830.7	
14654.7	14636.5	14606.1	14603.2	14654.7	14641.9	14507.7	14499.2	14555.2	14630.3	14564.6	14480.6	14424.5	14490.1	14596.1	14622.1	14499.5	14491.4	14508.5	14604.1	14677.3	14608.3	14583.3	14613.7	14654	
14478	14459.8	14429.4	14426.4	14478	14465.1	14330.7	14322.2	14378.4	14453.5	14387.7	14303.5	14247.4	14313.1	14419.3	14445.3	14322.5	14314.4	14331.6	14427.3	14500.7	14431.6	14406.6	14437	14477.3	
14301.3	14283	14252.6	14249.6	14301.3	14288.4	14153.6	14145.2	14201.6	14276.7	14210.7	14126.3	14070.2	14136.1	14242.4	14268.6	14145.4	14137.4	14154.8	14250.5	14324	14254.7	14229.7	14260.2	14300.6	
14124.6	14106.3	14075.8	14072.9	14124.6	14111.6	13976.5	13968.1	14024.8	14100	14033.8	13949.1	13893	13959.1	14065.5	14091.8	13968.4	13960.5	13977.9	14073.7	14147.4	14078	14052.9	14083.5	14123.9	
13947.9	13929.5	13899	13896.1	13947.9	13934.8	13799.4	13791.1	13847.9	13923.2	13856.8	13772	13715.8	13782.1	13888.6	13915	13791.3	13783.5	13801	13896.9	13970.7	13901.1	13876.2	13906.8	13947.2	
13771.2	13752.8	13722.2	13719.3	13771.2	13758.1	13622.3	13614.1	13671.1	13746.4	13679.9	13594.9	13538.6	13605.1	13711.8	13738.2	13614.3	13606.5	13624.2	13720.1	13794.1	13724.4	13699.3	13730.1	13770.5	
13594.5	13576	13545.4	13542.5	13594.5	13581.3	13445.2	13437.1	13494.3	13569.7	13502.9	13417.7	13361.4	13428.2	13534.9	13561.5	13437.3	13429.6	13447.3	13543.3	13617.4	13547.5	13522.6	13553.4	13593.8	
13417.8	13399.3	13368.6	13365.8	13417.8	13404.6	13268.2	13260.1	13317.5	13392.9	13326	13240.6	13184.3	13251.2	13358	13384.7	13260.2	13252.6	13270.5	13366.6	13440.8	13370.8	13345.8	13376.7	13417.1	
13241.1	13222.5	13191.8	13189	13241.1	13227.8	13091.1	13083	13140.7	13216.1	13149	13063.4	13007.1	13074.2	13181.1	13207.9	13083.1	13075.6	13093.6	13189.8	13264.1	13193.9	13168.9	13199.9	13240.4	
13064.4	13045.8	13015	13012.2	13064.4	13051.1	12914	12906.1	12963.9	13039.4	12972.1	12886.3	12829.9	12897.2	13004.3	13031.1	12906.2	12898.7	12916.8	13013	13087.5	13017.2	12992.2	13023.2	13063.7	
12887.7	12869	12838.2	12835.4	12887.7	12874.3	12736.9	12729	12787	12862.6	12795.2	12709.1	12652.7	12720.2	12827.4	12854.4	12729.1	12721.7	12739.9	12836.2	12910.8	12840.3	12815.4	12846.5	12887	
12711	12692.2	12661.4	12658.6	12711.1	12697.5	12559.8	12552	12610.2	12685.9	12618.2	12532	12475.5	12543.2	12650.6	12677.6	12552	12544.7	12563	12659.4	12734.1	12663.6	12638.5	12669.8	12710.3	
12534.4	12515.5	12484.6	12481.8	12534.4	12520.8	12382.8	12374.9	12433.5	12509.2	12441.3	12354.9	12298.4	12366.3	12473.9	12500.8	12375	12367.7	12386.1	12482.6	12557.5	12486.8	12461.6	12493	12533.6	
12357.6	12338.7	12307.8	12305	12357.6	12344	12205.6	12197.8	12256.7	12332.4	12264.3	12177.7	12121.2	12189.4	12297.2	12324	12197.9	12190.6	12209.2	12305.9	12380.8	12309.9	12284.7	12316.2	12356.9	
12181	12162	12131	12128.2	12181	12167.3	12028.6	12020.8	12079.9	12155.7	12087.4	12000.7	11944.1	12012.5	12120.5	12147.3	12020.9	12013.6	12032.3	12129.1	12204.2	12133.2	12107.9	12139.5	12180.2	
12004.2	11985.2	11954.2	11951.4	12004.3	11990.5	11851.4	11843.7	11903.1	11979	11910.5	11823.5	11766.8	11835.6	11943.7	11970.5	11843.7	11836.5	11855.4	11952.3	12027.6	11956.3	11931	11962.7	12003.5	
11827.6	11808.5	11777.4	11774.6	11827.6	11813.8	11674.4	11666.7	11726.3	11802.3	11733.5	11646.4	11589.7	11658.7	11767	11793.7	11666.7	11659.5	11678.5	11775.5	11850.9	11779.6	11754.1	11785.9	11826.8	
11650.9	11631.7	11600.5	11597.8	11650.9	11637	11497.3	11489.6	11549.5	11625.6	11556.6	11469.2	11412.5	11481.8	11590.3	11616.9	11489.6	11482.5	11501.6	11598.8	11674.3	11602.7	11577.3	11609.2	11650.1	
11474.2	11455	11423.7	11421	11474.2	11460.2	11320.2	11312.6	11372.8	11448.9	11379.6	11292.1	11235.4	11304.9	11413.6	11440.1	11312.6	11305.5	11324.7	11422	11497.6	11426	11400.4	11432.4	11473.4	
11297.5	11278.2	11246.9	11244.2	11297.5	11283.5	11143.1	11135.5	11196	11272.1	11202.7	11115	11058.2	11128	11236.9	11263.4	11135.5	11128.4	11147.8	11245.2	11321	11249.2	11223.6	11255.6	11296.7	
11120.8	11101.4	11070.1	11067.4	11120.8	11106.7	10966	10958.5	11019.2	11095.4	11025.7	10937.8	10881	10951.1	11060.2	11086.6	10958.4	10951.4	10970.9	11068.4	11144.3	11072.4	11046.7	11078.9	11120.1	
10944.1	10924.7	10893.3	10890.6	10944.1	10930	10788.9	10781.4	10842.4	10918.7	10848.8	10760.7	10703.8	10774.2	10883.5	10909.8	10781.3	10774.3	10794	10891.7	10967.7	10895.5	10869.8	10902.1	10943.4	
10767.4	10748	10716.5	10713.8	10767.4	10753.2	10611.8	10604.4	10665.7	10742	10671.9	10583.6	10526.7	10597.3	10706.7	10733	10604.3	10597.3	10617.1	10714.9	10791	10718.8	10693	10725.3	10766.7	
10590.7	10571.2	10539.7	10537	10590.7	10576.5	10434.7	10427.4	10488.9	10565.3	10494.9	10406.5	10349.6	10420.4	10530	10556.3	10427.3	10420.3	10440.2	10538.2	10614.4	10542	10516.1	10548.6	10590	
10414	10394.4	10362.9	10360.2	10414	10399.7	10257.6	10250.3	10312.1	10388.6	10317.9	10229.3	10172.4	10243.5	10353.3	10379.5	10250.2	10243.3	10263.3	10361.4	10437.7	10365.2	10339.3	10371.8	10413.3	
10237.3	10217.7	10186.1	10183.4	10237.3	10223	10080.5	10073.3	10135.3	10211.8	10141	10052.2	9999.99	10066.6	10176.6	10202.7	10073.1	10066.3	10086.4	10184.6	10261.1	10188.4	10162.4	10195.1	10236.6	
10071.5	10051.9	10023.8	10017.1	10071	10059.7	9918.19	9910.93	9970.28	10045.6	9977.69	9889.87	9999.99	9903.09	10012.8	10038.2	9910.8	9903.99	9922.84	10020.8	10096.6	10025.1	9999.09	10031.5	10071.6	
9909.53	9889.94	9861.81	9855.14	9909.03	9897.66	9918.19	9910.93	9970.28	9883.58	9977.69	9889.87	9999.99	9903.09	9850.8	9876.2	9910.8	9903.99	9922.84	9858.83	9934.58	9863.07	9999.09	9869.53	9909.62	