% time	cellId	IMSI	frame	sframe	RNTI	mcs	size	ccId
0.026	1	1	3	7	1	0	19	0
0.026	1	1	3	7	1	0	19	1
0.027	1	1	3	8	1	0	19	0
0.027	1	1	3	8	1	0	19	1
0.028	1	1	3	9	1	0	19	0
0.028	1	1	3	9	1	0	19	1
0.029	1	1	3	10	1	0	19	1
0.03	1	1	4	1	1	0	19	0
0.03	1	1	4	1	1	0	19	1
0.031	1	1	4	2	1	0	7	0
0.031	1	10	4	2	14	0	7	0
0.031	1	1	4	2	1	0	7	1
0.031	1	10	4	2	14	0	7	1
0.032	1	1	4	3	1	0	7	0
0.032	1	10	4	3	14	0	7	0
0.032	1	1	4	3	1	0	7	1
0.032	1	10	4	3	14	0	7	1
0.033	1	1	4	4	1	20	161	0
0.033	1	10	4	4	14	0	7	0
0.033	1	1	4	4	1	0	7	1
0.033	1	10	4	4	14	0	7	1
0.034	1	1	4	5	1	20	161	0
0.034	1	10	4	5	14	0	7	0
0.034	1	1	4	5	1	0	7	1
0.034	1	10	4	5	14	0	7	1
0.035	1	1	4	6	1	0	7	1
0.035	1	10	4	6	14	0	7	1
0.036	1	1	4	7	1	20	161	0
0.036	1	10	4	7	14	0	7	0
0.036	1	1	4	7	1	0	7	1
0.036	1	10	4	7	14	0	7	1
0.037	1	1	4	8	1	20	161	0
0.037	1	10	4	8	14	0	7	0
0.037	1	1	4	8	1	0	7	1
0.037	1	10	4	8	14	0	7	1
0.038	1	12	4	9	26	0	7	0
0.038	1	1	4	9	1	20	161	0
0.038	1	12	4	9	26	0	7	1
0.038	1	1	4	9	1	0	7	1
0.039	1	10	4	10	14	0	7	0
0.039	1	12	4	10	26	0	7	0
0.039	1	10	4	10	14	0	7	1
0.039	1	12	4	10	26	0	7	1
0.04	1	1	5	1	1	20	161	0
0.04	1	1	5	1	1	0	7	1
0.04	1	10	5	1	14	0	7	1
0.041	1	12	5	2	26	0	7	1
0.041	1	1	5	2	1	20	161	1
0.042	1	12	5	3	26	0	7	0
0.042	1	1	5	3	1	20	161	0
0.042	1	10	5	3	14	0	7	1
0.042	1	12	5	3	26	0	7	1
0.043	1	12	5	4	26	0	7	0
0.043	1	1	5	4	1	20	161	1
0.043	1	10	5	4	14	0	7	1
0.044	1	14	5	5	35	0	7	0
0.044	1	1	5	5	1	20	161	0
0.044	1	12	5	5	26	0	7	1
0.044	1	14	5	5	35	0	7	1
0.045	1	1	5	6	1	20	161	1
0.045	1	10	5	6	14	0	7	1
0.046	1	14	5	7	35	0	7	0
0.046	1	1	5	7	1	20	161	0
0.046	1	12	5	7	26	0	7	1
0.046	1	14	5	7	35	0	7	1
0.047	1	1	5	8	1	20	161	1
0.047	1	10	5	8	14	0	7	1
0.048	1	12	5	9	26	0	7	1
0.048	1	14	5	9	35	0	7	1
0.049	1	14	5	10	35	0	7	0
0.049	1	13	5	10	43	0	7	0
0.049	1	1	5	10	1	20	161	1
0.049	1	10	5	10	14	0	7	1
0.05	1	1	6	1	1	20	161	0
0.05	1	12	6	1	26	0	7	1
0.05	1	14	6	1	35	0	7	1
0.051	1	13	6	2	43	0	7	1
0.051	1	1	6	2	1	20	161	1
0.052	1	13	6	3	43	0	7	0
0.052	1	1	6	3	1	20	161	0
0.052	1	10	6	3	14	0	7	1
0.052	1	12	6	3	26	0	7	1
0.053	1	14	6	4	35	0	7	1
0.053	1	13	6	4	43	0	7	1
0.054	1	10	6	5	14	20	161	0
0.054	1	1	6	5	1	20	161	1
0.054	1	10	6	5	14	20	161	1
0.055	1	13	6	6	43	0	7	0
0.055	1	12	6	6	26	0	7	1
0.055	1	14	6	6	35	0	7	1
0.056	1	5	6	7	54	20	161	0
0.056	1	1	6	7	1	20	161	0
0.056	1	13	6	7	43	0	7	1
0.056	1	5	6	7	54	20	161	1
0.057	1	10	6	8	14	20	161	0
0.057	1	1	6	8	1	20	161	1
0.057	1	10	6	8	14	20	161	1
0.058	1	13	6	9	43	0	7	0
0.058	1	12	6	9	26	0	7	1
0.058	1	14	6	9	35	0	7	1
0.059	1	13	6	10	43	0	7	1
0.059	1	5	6	10	54	20	161	1
0.06	1	5	7	1	54	20	161	0
0.06	1	1	7	1	1	20	161	0
0.06	1	1	7	1	1	20	161	1
0.06	1	10	7	1	14	20	161	1
0.061	1	10	7	2	14	20	161	0
0.061	1	12	7	2	26	0	7	1
0.061	1	14	7	2	35	0	7	1
0.062	1	13	7	3	43	0	7	1
0.062	1	5	7	3	54	20	161	1
0.063	1	5	7	4	54	20	161	0
0.063	1	3	7	4	62	0	7	0
0.063	1	3	7	4	62	0	7	1
0.063	1	1	7	4	1	20	161	1
0.064	1	1	7	5	1	20	161	0
0.064	1	10	7	5	14	20	161	0
0.064	1	10	7	5	14	20	161	1
0.064	1	12	7	5	26	0	7	1
0.065	1	14	7	6	35	0	7	1
0.065	1	13	7	6	43	0	7	1
0.066	1	12	7	7	26	20	161	0
0.066	1	5	7	7	54	20	161	1
0.066	1	3	7	7	62	0	7	1
0.067	1	5	7	8	54	20	161	0
0.067	1	1	7	8	1	20	161	1
0.067	1	10	7	8	14	20	161	1
0.068	1	3	7	9	62	0	7	0
0.068	1	11	7	9	69	0	7	0
0.068	1	12	7	9	26	20	161	1
0.068	1	14	7	9	35	0	7	1
0.069	1	1	7	10	1	20	161	0
0.069	1	10	7	10	14	20	161	0
0.069	1	13	7	10	43	0	7	1
0.069	1	5	7	10	54	20	161	1
0.07	1	12	8	1	26	20	161	0
0.07	1	3	8	1	62	0	7	1
0.07	1	11	8	1	69	0	7	1
0.071	1	1	8	2	1	20	161	1
0.071	1	10	8	2	14	20	161	1
0.072	1	5	8	3	54	20	161	0
0.072	1	12	8	3	26	20	161	1
0.072	1	14	8	3	35	0	7	1
0.073	1	11	8	4	69	0	7	0
0.073	1	13	8	4	43	0	7	1
0.073	1	5	8	4	54	20	161	1
0.074	1	8	8	5	75	0	7	0
0.074	1	1	8	5	1	20	161	0
0.074	1	3	8	5	62	0	7	1
0.074	1	11	8	5	69	0	7	1
0.075	1	10	8	6	14	20	161	0
0.075	1	12	8	6	26	20	161	0
0.075	1	8	8	6	75	0	7	1
0.075	1	1	8	6	1	20	161	1
0.076	1	14	8	7	35	20	161	0
0.076	1	10	8	7	14	20	161	1
0.076	1	12	8	7	26	20	161	1
0.077	1	14	8	8	35	20	161	1
0.077	1	13	8	8	43	0	7	1
0.078	1	5	8	9	54	20	161	0
0.078	1	3	8	9	62	20	161	0
0.078	1	5	8	9	54	20	161	1
0.078	1	3	8	9	62	20	161	1
0.079	1	11	8	10	69	0	7	0
0.079	1	8	8	10	75	0	7	0
0.079	1	11	8	10	69	0	7	1
0.079	1	8	8	10	75	0	7	1
0.08	1	15	9	1	82	20	161	0
0.08	1	1	9	1	1	20	161	0
0.08	1	15	9	1	82	20	161	1
0.08	1	1	9	1	1	20	161	1
0.081	1	10	9	2	14	20	161	0
0.081	1	12	9	2	26	20	161	0
0.081	1	10	9	2	14	20	161	1
0.081	1	12	9	2	26	20	161	1
0.082	1	14	9	3	35	20	161	0
0.082	1	14	9	3	35	20	161	1
0.082	1	13	9	3	43	0	7	1
0.083	1	5	9	4	54	20	161	1
0.083	1	3	9	4	62	20	161	1
0.084	1	5	9	5	54	20	161	0
0.084	1	3	9	5	62	20	161	0
0.084	1	11	9	5	69	0	7	1
0.084	1	8	9	5	75	0	7	1
0.085	1	11	9	6	69	20	161	0
0.085	1	15	9	6	82	20	161	1
0.085	1	7	9	6	88	0	7	1
0.086	1	15	9	7	82	20	161	0
0.086	1	7	9	7	88	20	161	0
0.086	1	1	9	7	1	20	161	1
0.086	1	10	9	7	14	20	161	1
0.087	1	1	9	8	1	20	161	0
0.087	1	10	9	8	14	20	161	0
0.087	1	12	9	8	26	20	161	1
0.087	1	14	9	8	35	20	161	1
0.088	1	12	9	9	26	20	161	0
0.088	1	14	9	9	35	20	161	0
0.088	1	13	9	9	43	20	161	1
0.088	1	5	9	9	54	20	161	1
0.089	1	3	9	10	62	20	161	1
0.089	1	11	9	10	69	20	161	1
0.09	1	13	10	1	43	20	161	0
0.09	1	5	10	1	54	20	161	0
0.09	1	8	10	1	75	0	7	1
0.09	1	15	10	1	82	20	161	1
0.091	1	3	10	2	62	20	161	0
0.091	1	11	10	2	69	20	161	0
0.091	1	7	10	2	88	20	161	1
0.091	1	4	10	2	93	0	7	1
0.092	1	8	10	3	75	20	161	0
0.092	1	15	10	3	82	20	161	0
0.092	1	1	10	3	1	20	161	1
0.092	1	10	10	3	14	20	161	1
0.093	1	7	10	4	88	20	161	0
0.093	1	4	10	4	93	20	161	0
0.093	1	12	10	4	26	20	161	1
0.093	1	14	10	4	35	20	161	1
0.094	1	1	10	5	1	20	161	0
0.094	1	10	10	5	14	20	161	0
0.094	1	13	10	5	43	20	161	1
0.094	1	5	10	5	54	20	161	1
0.095	1	3	10	6	62	20	161	1
0.095	1	11	10	6	69	20	161	1
0.096	1	12	10	7	26	20	161	0
0.096	1	14	10	7	35	20	161	0
0.096	1	8	10	7	75	20	161	1
0.096	1	15	10	7	82	20	161	1
0.097	1	13	10	8	43	20	161	0
0.097	1	5	10	8	54	20	161	0
0.097	1	7	10	8	88	20	161	1
0.097	1	4	10	8	93	20	161	1
0.098	1	3	10	9	62	20	161	0
0.098	1	11	10	9	69	20	161	0
0.098	1	6	10	9	97	0	7	1
0.098	1	1	10	9	1	20	161	1
0.099	1	8	10	10	75	20	161	0
0.099	1	15	10	10	82	20	161	0
0.099	1	10	10	10	14	20	161	1
0.099	1	12	10	10	26	20	161	1
0.1	1	7	11	1	88	20	161	0
0.1	1	4	11	1	93	20	161	0
0.1	1	14	11	1	35	20	161	1
0.1	1	13	11	1	43	20	161	1
0.101	1	5	11	2	54	20	161	1
0.101	1	3	11	2	62	20	161	1
0.102	1	6	11	3	97	0	7	0
0.102	1	1	11	3	1	20	161	0
0.102	1	11	11	3	69	20	161	1
0.102	1	8	11	3	75	20	161	1
0.103	1	10	11	4	14	20	161	0
0.103	1	12	11	4	26	20	161	0
0.103	1	15	11	4	82	20	161	1
0.103	1	7	11	4	88	20	161	1
0.104	1	14	11	5	35	20	161	0
0.104	1	13	11	5	43	20	161	0
0.104	1	4	11	5	93	20	161	1
0.104	1	6	11	5	97	0	7	1
0.105	1	5	11	6	54	20	161	0
0.105	1	3	11	6	62	20	161	0
0.105	1	2	11	6	100	0	7	1
0.105	1	1	11	6	1	20	161	1
0.106	1	11	11	7	69	20	161	0
0.106	1	8	11	7	75	20	161	0
0.106	1	10	11	7	14	20	161	1
0.106	1	12	11	7	26	20	161	1
0.107	1	15	11	8	82	20	161	0
0.107	1	7	11	8	88	20	161	0
0.107	1	14	11	8	35	20	161	1
0.107	1	13	11	8	43	20	161	1
0.108	1	4	11	9	93	20	161	0
0.108	1	6	11	9	97	0	7	0
0.108	1	5	11	9	54	20	161	1
0.108	1	3	11	9	62	20	161	1
0.109	1	2	11	10	100	0	7	0
0.109	1	9	11	10	102	0	7	0
0.109	1	11	11	10	69	20	161	1
0.109	1	8	11	10	75	20	161	1
0.11	1	1	12	1	1	20	161	0
0.11	1	10	12	1	14	20	161	0
0.11	1	15	12	1	82	20	161	1
0.11	1	7	12	1	88	20	161	1
0.111	1	12	12	2	26	20	161	0
0.111	1	14	12	2	35	20	161	0
0.111	1	4	12	2	93	20	161	1
0.111	1	6	12	2	97	0	7	1
0.112	1	13	12	3	43	20	161	0
0.112	1	5	12	3	54	20	161	0
0.112	1	2	12	3	100	0	7	1
0.112	1	9	12	3	102	0	7	1
0.113	1	3	12	4	62	20	161	0
0.113	1	11	12	4	69	20	161	0
0.113	1	1	12	4	1	20	161	1
0.113	1	10	12	4	14	20	161	1
0.114	1	8	12	5	75	20	161	0
0.114	1	15	12	5	82	20	161	0
0.114	1	12	12	5	26	20	161	1
0.114	1	14	12	5	35	20	161	1
0.115	1	7	12	6	88	20	161	0
0.115	1	4	12	6	93	20	161	0
0.115	1	13	12	6	43	20	161	1
0.115	1	5	12	6	54	20	161	1
0.116	1	2	12	7	100	0	7	0
0.116	1	3	12	7	62	20	161	1
0.116	1	11	12	7	69	20	161	1
0.117	1	9	12	8	102	0	7	0
0.117	1	1	12	8	1	20	161	0
0.117	1	8	12	8	75	20	161	1
0.117	1	15	12	8	82	20	161	1
0.118	1	10	12	9	14	20	161	0
0.118	1	12	12	9	26	20	161	0
0.118	1	7	12	9	88	20	161	1
0.118	1	4	12	9	93	20	161	1
0.119	1	14	12	10	35	20	161	0
0.119	1	13	12	10	43	20	161	0
0.119	1	6	12	10	97	20	161	1
0.119	1	2	12	10	100	0	7	1
0.12	1	5	13	1	54	20	161	0
0.12	1	3	13	1	62	20	161	0
0.12	1	9	13	1	102	0	7	1
0.12	1	1	13	1	1	20	161	1
0.121	1	11	13	2	69	20	161	0
0.121	1	8	13	2	75	20	161	0
0.121	1	10	13	2	14	20	161	1
0.121	1	12	13	2	26	20	161	1
0.122	1	15	13	3	82	20	161	0
0.122	1	7	13	3	88	20	161	0
0.122	1	14	13	3	35	20	161	1
0.122	1	13	13	3	43	20	161	1
0.123	1	4	13	4	93	20	161	0
0.123	1	6	13	4	97	20	161	0
0.123	1	5	13	4	54	20	161	1
0.123	1	3	13	4	62	20	161	1
0.124	1	2	13	5	100	20	161	0
0.124	1	11	13	5	69	20	161	1
0.124	1	8	13	5	75	20	161	1
0.125	1	1	13	6	1	20	161	0
0.125	1	10	13	6	14	20	161	0
0.125	1	15	13	6	82	20	161	1
0.125	1	7	13	6	88	20	161	1
0.126	1	12	13	7	26	20	161	0
0.126	1	14	13	7	35	20	161	0
0.126	1	4	13	7	93	20	161	1
0.126	1	6	13	7	97	20	161	1
0.127	1	13	13	8	43	20	161	0
0.127	1	5	13	8	54	20	161	0
0.127	1	2	13	8	100	20	161	1
0.127	1	9	13	8	102	20	161	1
0.128	1	3	13	9	62	20	161	0
0.128	1	11	13	9	69	20	161	0
0.128	1	1	13	9	1	20	161	1
0.128	1	10	13	9	14	20	161	1
0.129	1	8	13	10	75	20	161	0
0.129	1	15	13	10	82	20	161	0
0.129	1	12	13	10	26	20	161	1
0.129	1	14	13	10	35	20	161	1
0.13	1	7	14	1	88	20	161	0
0.13	1	4	14	1	93	20	161	0
0.13	1	13	14	1	43	20	161	1
0.13	1	5	14	1	54	20	161	1
0.131	1	6	14	2	97	20	161	0
0.131	1	2	14	2	100	20	161	0
0.131	1	3	14	2	62	20	161	1
0.131	1	11	14	2	69	20	161	1
0.132	1	9	14	3	102	20	161	0
0.132	1	1	14	3	1	20	161	0
0.132	1	8	14	3	75	20	161	1
0.132	1	15	14	3	82	20	161	1
0.133	1	10	14	4	14	20	161	0
0.133	1	12	14	4	26	20	161	0
0.133	1	7	14	4	88	20	161	1
0.133	1	4	14	4	93	20	161	1
0.134	1	14	14	5	35	20	161	0
0.134	1	13	14	5	43	20	161	0
0.134	1	6	14	5	97	20	161	1
0.134	1	2	14	5	100	20	161	1
0.135	1	5	14	6	54	20	161	0
0.135	1	3	14	6	62	20	161	0
0.135	1	9	14	6	102	20	161	1
0.135	1	1	14	6	1	20	161	1
0.136	1	11	14	7	69	20	161	0
0.136	1	8	14	7	75	20	161	0
0.136	1	10	14	7	14	20	161	1
0.136	1	12	14	7	26	20	161	1
0.137	1	15	14	8	82	20	161	0
0.137	1	7	14	8	88	20	161	0
0.137	1	14	14	8	35	20	161	1
0.137	1	13	14	8	43	20	161	1
0.138	1	4	14	9	93	20	161	0
0.138	1	6	14	9	97	20	161	0
0.138	1	5	14	9	54	20	161	1
0.138	1	3	14	9	62	20	161	1
0.139	1	2	14	10	100	20	161	0
0.139	1	9	14	10	102	20	161	0
0.139	1	11	14	10	69	20	161	1
0.139	1	8	14	10	75	20	161	1
0.14	1	1	15	1	1	20	161	0
0.14	1	10	15	1	14	20	161	0
0.14	1	15	15	1	82	20	161	1
0.14	1	7	15	1	88	20	161	1
0.141	1	12	15	2	26	20	161	0
0.141	1	14	15	2	35	20	161	0
0.141	1	4	15	2	93	20	161	1
0.141	1	6	15	2	97	20	161	1
0.142	1	13	15	3	43	20	161	0
0.142	1	5	15	3	54	20	161	0
0.142	1	2	15	3	100	20	161	1
0.142	1	9	15	3	102	20	161	1
0.143	1	3	15	4	62	20	161	0
0.143	1	11	15	4	69	20	161	0
0.143	1	1	15	4	1	20	161	1
0.143	1	10	15	4	14	20	161	1
0.144	1	8	15	5	75	20	161	0
0.144	1	15	15	5	82	20	161	0
0.144	1	12	15	5	26	20	161	1
0.144	1	14	15	5	35	20	161	1
0.145	1	7	15	6	88	20	161	0
0.145	1	4	15	6	93	20	161	0
0.145	1	13	15	6	43	20	161	1
0.145	1	5	15	6	54	20	161	1
0.146	1	6	15	7	97	20	161	0
0.146	1	2	15	7	100	20	161	0
0.146	1	3	15	7	62	20	161	1
0.146	1	11	15	7	69	20	161	1
0.147	1	9	15	8	102	20	161	0
0.147	1	1	15	8	1	20	161	0
0.147	1	8	15	8	75	20	161	1
0.147	1	15	15	8	82	20	161	1
0.148	1	10	15	9	14	20	161	0
0.148	1	12	15	9	26	20	161	0
0.148	1	7	15	9	88	20	161	1
0.148	1	4	15	9	93	20	161	1
0.149	1	14	15	10	35	20	161	0
0.149	1	13	15	10	43	20	161	0
0.149	1	6	15	10	97	20	161	1
0.149	1	2	15	10	100	20	161	1
0.15	1	5	16	1	54	20	161	0
0.15	1	3	16	1	62	20	161	0
0.15	1	9	16	1	102	20	161	1
0.15	1	1	16	1	1	20	161	1
0.151	1	11	16	2	69	20	161	0
0.151	1	8	16	2	75	20	161	0
0.151	1	10	16	2	14	20	161	1
0.151	1	12	16	2	26	20	161	1
0.152	1	15	16	3	82	20	161	0
0.152	1	7	16	3	88	20	161	0
0.152	1	14	16	3	35	20	161	1
0.152	1	13	16	3	43	20	161	1
0.153	1	4	16	4	93	20	161	0
0.153	1	6	16	4	97	20	161	0
0.153	1	5	16	4	54	20	161	1
0.153	1	3	16	4	62	20	161	1
0.154	1	2	16	5	100	20	161	0
0.154	1	9	16	5	102	20	161	0
0.154	1	11	16	5	69	20	161	1
0.154	1	8	16	5	75	20	161	1
0.155	1	1	16	6	1	20	161	0
0.155	1	10	16	6	14	20	161	0
0.155	1	15	16	6	82	20	161	1
0.155	1	7	16	6	88	20	161	1
0.156	1	12	16	7	26	20	161	0
0.156	1	14	16	7	35	20	161	0
0.156	1	4	16	7	93	20	161	1
0.156	1	6	16	7	97	20	161	1
0.157	1	13	16	8	43	20	161	0
0.157	1	5	16	8	54	20	161	0
0.157	1	2	16	8	100	20	161	1
0.157	1	9	16	8	102	20	161	1
0.158	1	3	16	9	62	20	161	0
0.158	1	11	16	9	69	20	161	0
0.158	1	1	16	9	1	20	161	1
0.158	1	10	16	9	14	20	161	1
0.159	1	8	16	10	75	20	161	0
0.159	1	15	16	10	82	20	161	0
0.159	1	12	16	10	26	20	161	1
0.159	1	14	16	10	35	20	161	1
0.16	1	7	17	1	88	20	161	0
0.16	1	4	17	1	93	20	161	0
0.16	1	13	17	1	43	20	161	1
0.16	1	5	17	1	54	20	161	1
0.161	1	6	17	2	97	20	161	0
0.161	1	2	17	2	100	20	161	0
0.161	1	3	17	2	62	20	161	1
0.161	1	11	17	2	69	20	161	1
0.162	1	9	17	3	102	20	161	0
0.162	1	1	17	3	1	20	161	0
0.162	1	8	17	3	75	20	161	1
0.162	1	15	17	3	82	20	161	1
0.163	1	10	17	4	14	20	161	0
0.163	1	12	17	4	26	20	161	0
0.163	1	7	17	4	88	20	161	1
0.163	1	4	17	4	93	20	161	1
0.164	1	14	17	5	35	20	161	0
0.164	1	13	17	5	43	20	161	0
0.164	1	6	17	5	97	20	161	1
0.164	1	2	17	5	100	20	161	1
0.165	1	5	17	6	54	20	161	0
0.165	1	3	17	6	62	20	161	0
0.165	1	9	17	6	102	20	161	1
0.165	1	1	17	6	1	20	161	1
0.166	1	11	17	7	69	20	161	0
0.166	1	8	17	7	75	20	161	0
0.166	1	10	17	7	14	20	161	1
0.166	1	12	17	7	26	20	161	1
0.167	1	15	17	8	82	20	161	0
0.167	1	7	17	8	88	20	161	0
0.167	1	14	17	8	35	20	161	1
0.167	1	13	17	8	43	20	161	1
0.168	1	4	17	9	93	20	161	0
0.168	1	6	17	9	97	20	161	0
0.168	1	5	17	9	54	20	161	1
0.168	1	3	17	9	62	20	161	1
0.169	1	2	17	10	100	20	161	0
0.169	1	9	17	10	102	20	161	0
0.169	1	11	17	10	69	20	161	1
0.169	1	8	17	10	75	20	161	1
0.17	1	1	18	1	1	20	161	0
0.17	1	10	18	1	14	20	161	0
0.17	1	15	18	1	82	20	161	1
0.17	1	7	18	1	88	20	161	1
0.171	1	12	18	2	26	20	161	0
0.171	1	14	18	2	35	20	161	0
0.171	1	4	18	2	93	20	161	1
0.171	1	6	18	2	97	20	161	1
0.172	1	13	18	3	43	20	161	0
0.172	1	5	18	3	54	20	161	0
0.172	1	2	18	3	100	20	161	1
0.172	1	9	18	3	102	20	161	1
0.173	1	3	18	4	62	20	161	0
0.173	1	11	18	4	69	20	161	0
0.173	1	1	18	4	1	20	161	1
0.173	1	10	18	4	14	20	161	1
0.174	1	8	18	5	75	20	161	0
0.174	1	15	18	5	82	20	161	0
0.174	1	12	18	5	26	20	161	1
0.174	1	14	18	5	35	20	161	1
0.175	1	7	18	6	88	20	161	0
0.175	1	4	18	6	93	20	161	0
0.175	1	13	18	6	43	20	161	1
0.175	1	5	18	6	54	20	161	1
0.176	1	6	18	7	97	20	161	0
0.176	1	2	18	7	100	20	161	0
0.176	1	3	18	7	62	20	161	1
0.176	1	11	18	7	69	20	161	1
0.177	1	9	18	8	102	20	161	0
0.177	1	1	18	8	1	20	161	0
0.177	1	8	18	8	75	20	161	1
0.177	1	15	18	8	82	20	161	1
0.178	1	10	18	9	14	20	161	0
0.178	1	12	18	9	26	20	161	0
0.178	1	7	18	9	88	20	161	1
0.178	1	4	18	9	93	20	161	1
0.179	1	14	18	10	35	20	161	0
0.179	1	13	18	10	43	20	161	0
0.179	1	6	18	10	97	20	161	1
0.179	1	2	18	10	100	20	161	1
0.18	1	5	19	1	54	20	161	0
0.18	1	3	19	1	62	20	161	0
0.18	1	9	19	1	102	20	161	1
0.18	1	1	19	1	1	20	161	1
0.181	1	11	19	2	69	20	161	0
0.181	1	8	19	2	75	20	161	0
0.181	1	10	19	2	14	20	161	1
0.181	1	12	19	2	26	20	161	1
0.182	1	15	19	3	82	20	161	0
0.182	1	7	19	3	88	20	161	0
0.182	1	14	19	3	35	20	161	1
0.182	1	13	19	3	43	20	161	1
0.183	1	4	19	4	93	20	161	0
0.183	1	6	19	4	97	20	161	0
0.183	1	5	19	4	54	20	161	1
0.183	1	3	19	4	62	20	161	1
0.184	1	2	19	5	100	20	161	0
0.184	1	9	19	5	102	20	161	0
0.184	1	11	19	5	69	20	161	1
0.184	1	8	19	5	75	20	161	1
0.185	1	1	19	6	1	20	161	0
0.185	1	10	19	6	14	20	161	0
0.185	1	15	19	6	82	20	161	1
0.185	1	7	19	6	88	20	161	1
0.186	1	12	19	7	26	20	161	0
0.186	1	14	19	7	35	20	161	0
0.186	1	4	19	7	93	20	161	1
0.186	1	6	19	7	97	20	161	1
0.187	1	13	19	8	43	20	161	0
0.187	1	5	19	8	54	20	161	0
0.187	1	2	19	8	100	20	161	1
0.187	1	9	19	8	102	20	161	1
0.188	1	3	19	9	62	20	161	0
0.188	1	11	19	9	69	20	161	0
0.188	1	1	19	9	1	20	161	1
0.188	1	10	19	9	14	20	161	1
0.189	1	8	19	10	75	20	161	0
0.189	1	15	19	10	82	20	161	0
0.189	1	12	19	10	26	20	161	1
0.189	1	14	19	10	35	20	161	1
0.19	1	7	20	1	88	20	161	0
0.19	1	4	20	1	93	20	161	0
0.19	1	13	20	1	43	20	161	1
0.19	1	5	20	1	54	20	161	1
0.191	1	6	20	2	97	20	161	0
0.191	1	2	20	2	100	20	161	0
0.191	1	3	20	2	62	20	161	1
0.191	1	11	20	2	69	20	161	1
0.192	1	9	20	3	102	20	161	0
0.192	1	1	20	3	1	20	161	0
0.192	1	8	20	3	75	20	161	1
0.192	1	15	20	3	82	20	161	1
0.193	1	10	20	4	14	20	161	0
0.193	1	12	20	4	26	20	161	0
0.193	1	7	20	4	88	20	161	1
0.193	1	4	20	4	93	20	161	1
0.194	1	14	20	5	35	20	161	0
0.194	1	13	20	5	43	20	161	0
0.194	1	6	20	5	97	20	161	1
0.194	1	2	20	5	100	20	161	1
0.195	1	5	20	6	54	20	161	0
0.195	1	3	20	6	62	20	161	0
0.195	1	9	20	6	102	20	161	1
0.195	1	1	20	6	1	20	161	1
0.196	1	11	20	7	69	20	161	0
0.196	1	8	20	7	75	20	161	0
0.196	1	10	20	7	14	20	161	1
0.196	1	12	20	7	26	20	161	1
0.197	1	15	20	8	82	20	161	0
0.197	1	7	20	8	88	20	161	0
0.197	1	14	20	8	35	20	161	1
0.197	1	13	20	8	43	20	161	1
0.198	1	4	20	9	93	20	161	0
0.198	1	6	20	9	97	20	161	0
0.198	1	5	20	9	54	20	161	1
0.198	1	3	20	9	62	20	161	1
0.199	1	2	20	10	100	20	161	0
0.199	1	9	20	10	102	20	161	0
0.199	1	11	20	10	69	20	161	1
0.199	1	8	20	10	75	20	161	1
0.2	1	1	21	1	1	20	161	0
0.2	1	10	21	1	14	20	161	0
0.2	1	15	21	1	82	20	161	1
0.2	1	7	21	1	88	20	161	1
0.201	1	12	21	2	26	20	161	0
0.201	1	14	21	2	35	20	161	0
0.201	1	4	21	2	93	20	161	1
0.201	1	6	21	2	97	20	161	1
0.202	1	13	21	3	43	20	161	0
0.202	1	5	21	3	54	20	161	0
0.202	1	2	21	3	100	20	161	1
0.202	1	9	21	3	102	20	161	1
0.203	1	3	21	4	62	20	161	0
0.203	1	11	21	4	69	20	161	0
0.203	1	1	21	4	1	20	161	1
0.203	1	10	21	4	14	20	161	1
0.204	1	8	21	5	75	20	161	0
0.204	1	15	21	5	82	20	161	0
0.204	1	12	21	5	26	20	161	1
0.204	1	14	21	5	35	20	161	1
0.205	1	7	21	6	88	20	161	0
0.205	1	4	21	6	93	20	161	0
0.205	1	13	21	6	43	20	161	1
0.205	1	5	21	6	54	20	161	1
0.206	1	6	21	7	97	20	161	0
0.206	1	2	21	7	100	20	161	0
0.206	1	3	21	7	62	20	161	1
0.206	1	11	21	7	69	20	161	1
0.207	1	9	21	8	102	20	161	0
0.207	1	1	21	8	1	20	161	0
0.207	1	8	21	8	75	20	161	1
0.207	1	15	21	8	82	20	161	1
0.208	1	10	21	9	14	20	161	0
0.208	1	12	21	9	26	20	161	0
0.208	1	7	21	9	88	20	161	1
0.208	1	4	21	9	93	20	161	1
0.209	1	14	21	10	35	20	161	0
0.209	1	13	21	10	43	20	161	0
0.209	1	6	21	10	97	20	161	1
0.209	1	2	21	10	100	20	161	1
0.21	1	5	22	1	54	20	161	0
0.21	1	3	22	1	62	20	161	0
0.21	1	9	22	1	102	20	161	1
0.21	1	1	22	1	1	20	161	1
0.211	1	11	22	2	69	20	161	0
0.211	1	8	22	2	75	20	161	0
0.211	1	10	22	2	14	20	161	1
0.211	1	12	22	2	26	20	161	1
0.212	1	15	22	3	82	20	161	0
0.212	1	7	22	3	88	20	161	0
0.212	1	14	22	3	35	20	161	1
0.212	1	13	22	3	43	20	161	1
0.213	1	4	22	4	93	20	161	0
0.213	1	6	22	4	97	20	161	0
0.213	1	5	22	4	54	20	161	1
0.213	1	3	22	4	62	20	161	1
0.214	1	2	22	5	100	20	161	0
0.214	1	9	22	5	102	20	161	0
0.214	1	11	22	5	69	20	161	1
0.214	1	8	22	5	75	20	161	1
0.215	1	1	22	6	1	20	161	0
0.215	1	10	22	6	14	20	161	0
0.215	1	15	22	6	82	20	161	1
0.215	1	7	22	6	88	20	161	1
0.216	1	12	22	7	26	20	161	0
0.216	1	14	22	7	35	20	161	0
0.216	1	4	22	7	93	20	161	1
0.216	1	6	22	7	97	20	161	1
0.217	1	13	22	8	43	20	161	0
0.217	1	5	22	8	54	20	161	0
0.217	1	2	22	8	100	20	161	1
0.217	1	9	22	8	102	20	161	1
0.218	1	3	22	9	62	20	161	0
0.218	1	11	22	9	69	20	161	0
0.218	1	1	22	9	1	20	161	1
0.218	1	10	22	9	14	20	161	1
0.219	1	8	22	10	75	20	161	0
0.219	1	15	22	10	82	20	161	0
0.219	1	12	22	10	26	20	161	1
0.219	1	14	22	10	35	20	161	1
0.22	1	7	23	1	88	20	161	0
0.22	1	4	23	1	93	20	161	0
0.22	1	13	23	1	43	20	161	1
0.22	1	5	23	1	54	20	161	1
0.221	1	6	23	2	97	20	161	0
0.221	1	2	23	2	100	20	161	0
0.221	1	3	23	2	62	20	161	1
0.221	1	11	23	2	69	20	161	1
0.222	1	9	23	3	102	20	161	0
0.222	1	1	23	3	1	20	161	0
0.222	1	8	23	3	75	20	161	1
0.222	1	15	23	3	82	20	161	1
0.223	1	10	23	4	14	20	161	0
0.223	1	12	23	4	26	20	161	0
0.223	1	7	23	4	88	20	161	1
0.223	1	4	23	4	93	20	161	1
0.224	1	14	23	5	35	20	161	0
0.224	1	13	23	5	43	20	161	0
0.224	1	6	23	5	97	20	161	1
0.224	1	2	23	5	100	20	161	1
0.225	1	5	23	6	54	20	161	0
0.225	1	3	23	6	62	20	161	0
0.225	1	9	23	6	102	20	161	1
0.225	1	1	23	6	1	20	161	1
0.226	1	11	23	7	69	20	161	0
0.226	1	8	23	7	75	20	161	0
0.226	1	10	23	7	14	20	161	1
0.226	1	12	23	7	26	20	161	1
0.227	1	15	23	8	82	20	161	0
0.227	1	7	23	8	88	20	161	0
0.227	1	14	23	8	35	20	161	1
0.227	1	13	23	8	43	20	161	1
0.228	1	4	23	9	93	20	161	0
0.228	1	6	23	9	97	20	161	0
0.228	1	5	23	9	54	20	161	1
0.228	1	3	23	9	62	20	161	1
0.229	1	2	23	10	100	20	161	0
0.229	1	9	23	10	102	20	161	0
0.229	1	11	23	10	69	20	161	1
0.229	1	8	23	10	75	20	161	1
0.23	1	1	24	1	1	20	161	0
0.23	1	10	24	1	14	20	161	0
0.23	1	15	24	1	82	20	161	1
0.23	1	7	24	1	88	20	161	1
0.231	1	12	24	2	26	20	161	0
0.231	1	14	24	2	35	20	161	0
0.231	1	4	24	2	93	20	161	1
0.231	1	6	24	2	97	20	161	1
0.232	1	13	24	3	43	20	161	0
0.232	1	5	24	3	54	20	161	0
0.232	1	2	24	3	100	20	161	1
0.232	1	9	24	3	102	20	161	1
0.233	1	3	24	4	62	20	161	0
0.233	1	11	24	4	69	20	161	0
0.233	1	1	24	4	1	20	161	1
0.233	1	10	24	4	14	20	161	1
0.234	1	8	24	5	75	20	161	0
0.234	1	15	24	5	82	20	161	0
0.234	1	12	24	5	26	20	161	1
0.234	1	14	24	5	35	20	161	1
0.235	1	7	24	6	88	20	161	0
0.235	1	4	24	6	93	20	161	0
0.235	1	13	24	6	43	20	161	1
0.235	1	5	24	6	54	20	161	1
0.236	1	6	24	7	97	20	161	0
0.236	1	2	24	7	100	20	161	0
0.236	1	3	24	7	62	20	161	1
0.236	1	11	24	7	69	20	161	1
0.237	1	9	24	8	102	20	161	0
0.237	1	1	24	8	1	20	161	0
0.237	1	8	24	8	75	20	161	1
0.237	1	15	24	8	82	20	161	1
0.238	1	10	24	9	14	20	161	0
0.238	1	12	24	9	26	20	161	0
0.238	1	7	24	9	88	20	161	1
0.238	1	4	24	9	93	20	161	1
0.239	1	14	24	10	35	20	161	0
0.239	1	13	24	10	43	20	161	0
0.239	1	6	24	10	97	20	161	1
0.239	1	2	24	10	100	20	161	1
0.24	1	5	25	1	54	20	161	0
0.24	1	3	25	1	62	20	161	0
0.24	1	9	25	1	102	20	161	1
0.24	1	1	25	1	1	20	161	1
0.241	1	11	25	2	69	20	161	0
0.241	1	8	25	2	75	20	161	0
0.241	1	10	25	2	14	20	161	1
0.241	1	12	25	2	26	20	161	1
0.242	1	15	25	3	82	20	161	0
0.242	1	7	25	3	88	20	161	0
0.242	1	14	25	3	35	20	161	1
0.242	1	13	25	3	43	20	161	1
0.243	1	4	25	4	93	20	161	0
0.243	1	6	25	4	97	20	161	0
0.243	1	5	25	4	54	20	161	1
0.243	1	3	25	4	62	20	161	1
0.244	1	2	25	5	100	20	161	0
0.244	1	9	25	5	102	20	161	0
0.244	1	11	25	5	69	20	161	1
0.244	1	8	25	5	75	20	161	1
0.245	1	1	25	6	1	20	161	0
0.245	1	10	25	6	14	20	161	0
0.245	1	15	25	6	82	20	161	1
0.245	1	7	25	6	88	20	161	1
0.246	1	12	25	7	26	20	161	0
0.246	1	14	25	7	35	20	161	0
0.246	1	4	25	7	93	20	161	1
0.246	1	6	25	7	97	20	161	1
0.247	1	13	25	8	43	20	161	0
0.247	1	5	25	8	54	20	161	0
0.247	1	2	25	8	100	20	161	1
0.247	1	9	25	8	102	20	161	1
0.248	1	3	25	9	62	20	161	0
0.248	1	11	25	9	69	20	161	0
0.248	1	1	25	9	1	20	161	1
0.248	1	10	25	9	14	20	161	1
0.249	1	8	25	10	75	20	161	0
0.249	1	15	25	10	82	20	161	0
0.249	1	12	25	10	26	20	161	1
0.249	1	14	25	10	35	20	161	1
0.25	1	7	26	1	88	20	161	0
0.25	1	4	26	1	93	20	161	0
0.25	1	13	26	1	43	20	161	1
0.25	1	5	26	1	54	20	161	1
0.251	1	6	26	2	97	20	161	0
0.251	1	2	26	2	100	20	161	0
0.251	1	3	26	2	62	20	161	1
0.251	1	11	26	2	69	20	161	1
0.252	1	9	26	3	102	20	161	0
0.252	1	1	26	3	1	20	161	0
0.252	1	8	26	3	75	20	161	1
0.252	1	15	26	3	82	20	161	1
0.253	1	10	26	4	14	20	161	0
0.253	1	12	26	4	26	20	161	0
0.253	1	7	26	4	88	20	161	1
0.253	1	4	26	4	93	20	161	1
0.254	1	14	26	5	35	20	161	0
0.254	1	13	26	5	43	20	161	0
0.254	1	6	26	5	97	20	161	1
0.254	1	2	26	5	100	20	161	1
0.255	1	5	26	6	54	20	161	0
0.255	1	3	26	6	62	20	161	0
0.255	1	9	26	6	102	20	161	1
0.255	1	1	26	6	1	20	161	1
0.256	1	11	26	7	69	20	161	0
0.256	1	8	26	7	75	20	161	0
0.256	1	10	26	7	14	20	161	1
0.256	1	12	26	7	26	20	161	1
0.257	1	15	26	8	82	20	161	0
0.257	1	7	26	8	88	20	161	0
0.257	1	14	26	8	35	20	161	1
0.257	1	13	26	8	43	20	161	1
0.258	1	4	26	9	93	20	161	0
0.258	1	6	26	9	97	20	161	0
0.258	1	5	26	9	54	20	161	1
0.258	1	3	26	9	62	20	161	1
0.259	1	2	26	10	100	20	161	0
0.259	1	9	26	10	102	20	161	0
0.259	1	11	26	10	69	20	161	1
0.259	1	8	26	10	75	20	161	1
0.26	1	1	27	1	1	20	161	0
0.26	1	10	27	1	14	20	161	0
0.26	1	15	27	1	82	20	161	1
0.26	1	7	27	1	88	20	161	1
0.261	1	12	27	2	26	20	161	0
0.261	1	14	27	2	35	20	161	0
0.261	1	4	27	2	93	20	161	1
0.261	1	6	27	2	97	20	161	1
0.262	1	13	27	3	43	20	161	0
0.262	1	5	27	3	54	20	161	0
0.262	1	2	27	3	100	20	161	1
0.262	1	9	27	3	102	20	161	1
0.263	1	3	27	4	62	20	161	0
0.263	1	11	27	4	69	20	161	0
0.263	1	1	27	4	1	20	161	1
0.263	1	10	27	4	14	20	161	1
0.264	1	8	27	5	75	20	161	0
0.264	1	15	27	5	82	20	161	0
0.264	1	12	27	5	26	20	161	1
0.264	1	14	27	5	35	20	161	1
0.265	1	7	27	6	88	20	161	0
0.265	1	4	27	6	93	20	161	0
0.265	1	13	27	6	43	20	161	1
0.265	1	5	27	6	54	20	161	1
0.266	1	6	27	7	97	20	161	0
0.266	1	2	27	7	100	20	161	0
0.266	1	3	27	7	62	20	161	1
0.266	1	11	27	7	69	20	161	1
0.267	1	9	27	8	102	20	161	0
0.267	1	1	27	8	1	20	161	0
0.267	1	8	27	8	75	20	161	1
0.267	1	15	27	8	82	20	161	1
0.268	1	10	27	9	14	20	161	0
0.268	1	12	27	9	26	20	161	0
0.268	1	7	27	9	88	20	161	1
0.268	1	4	27	9	93	20	161	1
0.269	1	14	27	10	35	20	161	0
0.269	1	13	27	10	43	20	161	0
0.269	1	6	27	10	97	20	161	1
0.269	1	2	27	10	100	20	161	1
0.27	1	5	28	1	54	20	161	0
0.27	1	3	28	1	62	20	161	0
0.27	1	9	28	1	102	20	161	1
0.27	1	1	28	1	1	20	161	1
0.271	1	11	28	2	69	20	161	0
0.271	1	8	28	2	75	20	161	0
0.271	1	10	28	2	14	20	161	1
0.271	1	12	28	2	26	20	161	1
0.272	1	15	28	3	82	20	161	0
0.272	1	7	28	3	88	20	161	0
0.272	1	14	28	3	35	20	161	1
0.272	1	13	28	3	43	20	161	1
0.273	1	4	28	4	93	20	161	0
0.273	1	6	28	4	97	20	161	0
0.273	1	5	28	4	54	20	161	1
0.273	1	3	28	4	62	20	161	1
0.274	1	2	28	5	100	20	161	0
0.274	1	9	28	5	102	20	161	0
0.274	1	11	28	5	69	20	161	1
0.274	1	8	28	5	75	20	161	1
0.275	1	1	28	6	1	20	161	0
0.275	1	10	28	6	14	20	161	0
0.275	1	15	28	6	82	20	161	1
0.275	1	7	28	6	88	20	161	1
0.276	1	12	28	7	26	20	161	0
0.276	1	14	28	7	35	20	161	0
0.276	1	4	28	7	93	20	161	1
0.276	1	6	28	7	97	20	161	1
0.277	1	13	28	8	43	20	161	0
0.277	1	5	28	8	54	20	161	0
0.277	1	2	28	8	100	20	161	1
0.277	1	9	28	8	102	20	161	1
0.278	1	3	28	9	62	20	161	0
0.278	1	11	28	9	69	20	161	0
0.278	1	1	28	9	1	20	161	1
0.278	1	10	28	9	14	20	161	1
0.279	1	8	28	10	75	20	161	0
0.279	1	15	28	10	82	20	161	0
0.279	1	12	28	10	26	20	161	1
0.279	1	14	28	10	35	20	161	1
0.28	1	7	29	1	88	20	161	0
0.28	1	4	29	1	93	20	161	0
0.28	1	13	29	1	43	20	161	1
0.28	1	5	29	1	54	20	161	1
0.281	1	6	29	2	97	20	161	0
0.281	1	2	29	2	100	20	161	0
0.281	1	3	29	2	62	20	161	1
0.281	1	11	29	2	69	20	161	1
0.282	1	9	29	3	102	20	161	0
0.282	1	1	29	3	1	20	161	0
0.282	1	8	29	3	75	20	161	1
0.282	1	15	29	3	82	20	161	1
0.283	1	10	29	4	14	20	161	0
0.283	1	12	29	4	26	20	161	0
0.283	1	7	29	4	88	20	161	1
0.283	1	4	29	4	93	20	161	1
0.284	1	14	29	5	35	20	161	0
0.284	1	13	29	5	43	20	161	0
0.284	1	6	29	5	97	20	161	1
0.284	1	2	29	5	100	20	161	1
0.285	1	5	29	6	54	20	161	0
0.285	1	3	29	6	62	20	161	0
0.285	1	9	29	6	102	20	161	1
0.285	1	1	29	6	1	20	161	1
0.286	1	11	29	7	69	20	161	0
0.286	1	8	29	7	75	20	161	0
0.286	1	10	29	7	14	20	161	1
0.286	1	12	29	7	26	20	161	1
0.287	1	15	29	8	82	20	161	0
0.287	1	7	29	8	88	20	161	0
0.287	1	14	29	8	35	20	161	1
0.287	1	13	29	8	43	20	161	1
0.288	1	4	29	9	93	20	161	0
0.288	1	6	29	9	97	20	161	0
0.288	1	5	29	9	54	20	161	1
0.288	1	3	29	9	62	20	161	1
0.289	1	2	29	10	100	20	161	0
0.289	1	9	29	10	102	20	161	0
0.289	1	11	29	10	69	20	161	1
0.289	1	8	29	10	75	20	161	1
0.29	1	1	30	1	1	20	161	0
0.29	1	10	30	1	14	20	161	0
0.29	1	15	30	1	82	20	161	1
0.29	1	7	30	1	88	20	161	1
0.291	1	12	30	2	26	20	161	0
0.291	1	14	30	2	35	20	161	0
0.291	1	4	30	2	93	20	161	1
0.291	1	6	30	2	97	20	161	1
0.292	1	13	30	3	43	20	161	0
0.292	1	5	30	3	54	20	161	0
0.292	1	2	30	3	100	20	161	1
0.292	1	9	30	3	102	20	161	1
0.293	1	3	30	4	62	20	161	0
0.293	1	11	30	4	69	20	161	0
0.293	1	1	30	4	1	20	161	1
0.293	1	10	30	4	14	20	161	1
0.294	1	8	30	5	75	20	161	0
0.294	1	15	30	5	82	20	161	0
0.294	1	12	30	5	26	20	161	1
0.294	1	14	30	5	35	20	161	1
0.295	1	7	30	6	88	20	161	0
0.295	1	4	30	6	93	20	161	0
0.295	1	13	30	6	43	20	161	1
0.295	1	5	30	6	54	20	161	1
0.296	1	6	30	7	97	20	161	0
0.296	1	2	30	7	100	20	161	0
0.296	1	3	30	7	62	20	161	1
0.296	1	11	30	7	69	20	161	1
0.297	1	9	30	8	102	20	161	0
0.297	1	1	30	8	1	20	161	0
0.297	1	8	30	8	75	20	161	1
0.297	1	15	30	8	82	20	161	1
0.298	1	10	30	9	14	20	161	0
0.298	1	12	30	9	26	20	161	0
0.298	1	7	30	9	88	20	161	1
0.298	1	4	30	9	93	20	161	1
0.299	1	14	30	10	35	20	161	0
0.299	1	13	30	10	43	20	161	0
0.299	1	6	30	10	97	20	161	1
0.299	1	2	30	10	100	20	161	1
0.3	1	5	31	1	54	20	161	0
0.3	1	3	31	1	62	20	161	0
0.3	1	9	31	1	102	20	161	1
0.3	1	1	31	1	1	20	161	1
0.301	1	11	31	2	69	20	161	0
0.301	1	8	31	2	75	20	161	0
0.301	1	10	31	2	14	20	161	1
0.301	1	12	31	2	26	20	161	1
0.302	1	15	31	3	82	20	161	0
0.302	1	7	31	3	88	20	161	0
0.302	1	14	31	3	35	20	161	1
0.302	1	13	31	3	43	20	161	1
0.303	1	4	31	4	93	20	161	0
0.303	1	6	31	4	97	20	161	0
0.303	1	5	31	4	54	20	161	1
0.303	1	3	31	4	62	20	161	1
0.304	1	2	31	5	100	20	161	0
0.304	1	9	31	5	102	20	161	0
0.304	1	11	31	5	69	20	161	1
0.304	1	8	31	5	75	20	161	1
0.305	1	1	31	6	1	20	161	0
0.305	1	10	31	6	14	20	161	0
0.305	1	15	31	6	82	20	161	1
0.305	1	7	31	6	88	20	161	1
0.306	1	12	31	7	26	20	161	0
0.306	1	14	31	7	35	20	161	0
0.306	1	4	31	7	93	20	161	1
0.306	1	6	31	7	97	20	161	1
0.307	1	13	31	8	43	20	161	0
0.307	1	5	31	8	54	20	161	0
0.307	1	2	31	8	100	20	161	1
0.307	1	9	31	8	102	20	161	1
0.308	1	3	31	9	62	20	161	0
0.308	1	11	31	9	69	20	161	0
0.308	1	1	31	9	1	20	161	1
0.308	1	10	31	9	14	20	161	1
0.309	1	8	31	10	75	20	161	0
0.309	1	15	31	10	82	20	161	0
0.309	1	12	31	10	26	20	161	1
0.309	1	14	31	10	35	20	161	1
0.31	1	7	32	1	88	20	161	0
0.31	1	4	32	1	93	20	161	0
0.31	1	13	32	1	43	20	161	1
0.31	1	5	32	1	54	20	161	1
0.311	1	6	32	2	97	20	161	0
0.311	1	2	32	2	100	20	161	0
0.311	1	3	32	2	62	20	161	1
0.311	1	11	32	2	69	20	161	1
0.312	1	9	32	3	102	20	161	0
0.312	1	1	32	3	1	20	161	0
0.312	1	8	32	3	75	20	161	1
0.312	1	15	32	3	82	20	161	1
0.313	1	10	32	4	14	20	161	0
0.313	1	12	32	4	26	20	161	0
0.313	1	7	32	4	88	20	161	1
0.313	1	4	32	4	93	20	161	1
0.314	1	14	32	5	35	20	161	0
0.314	1	13	32	5	43	20	161	0
0.314	1	6	32	5	97	20	161	1
0.314	1	2	32	5	100	20	161	1
0.315	1	5	32	6	54	20	161	0
0.315	1	3	32	6	62	20	161	0
0.315	1	9	32	6	102	20	161	1
0.315	1	1	32	6	1	20	161	1
0.316	1	11	32	7	69	20	161	0
0.316	1	8	32	7	75	20	161	0
0.316	1	10	32	7	14	20	161	1
0.316	1	12	32	7	26	20	161	1
0.317	1	15	32	8	82	20	161	0
0.317	1	7	32	8	88	20	161	0
0.317	1	14	32	8	35	20	161	1
0.317	1	13	32	8	43	20	161	1
0.318	1	4	32	9	93	20	161	0
0.318	1	6	32	9	97	20	161	0
0.318	1	5	32	9	54	20	161	1
0.318	1	3	32	9	62	20	161	1
0.319	1	2	32	10	100	20	161	0
0.319	1	9	32	10	102	20	161	0
0.319	1	11	32	10	69	20	161	1
0.319	1	8	32	10	75	20	161	1
0.32	1	1	33	1	1	20	161	0
0.32	1	10	33	1	14	20	161	0
0.32	1	15	33	1	82	20	161	1
0.32	1	7	33	1	88	20	161	1
0.321	1	12	33	2	26	20	161	0
0.321	1	14	33	2	35	20	161	0
0.321	1	4	33	2	93	20	161	1
0.321	1	6	33	2	97	20	161	1
0.322	1	13	33	3	43	20	161	0
0.322	1	5	33	3	54	20	161	0
0.322	1	2	33	3	100	20	161	1
0.322	1	9	33	3	102	20	161	1
0.323	1	3	33	4	62	20	161	0
0.323	1	11	33	4	69	20	161	0
0.323	1	1	33	4	1	20	161	1
0.323	1	10	33	4	14	20	161	1
0.324	1	8	33	5	75	20	161	0
0.324	1	15	33	5	82	20	161	0
0.324	1	12	33	5	26	20	161	1
0.324	1	14	33	5	35	20	161	1
0.325	1	7	33	6	88	20	161	0
0.325	1	4	33	6	93	20	161	0
0.325	1	13	33	6	43	20	161	1
0.325	1	5	33	6	54	20	161	1
0.326	1	6	33	7	97	20	161	0
0.326	1	2	33	7	100	20	161	0
0.326	1	3	33	7	62	20	161	1
0.326	1	11	33	7	69	20	161	1
0.327	1	9	33	8	102	20	161	0
0.327	1	1	33	8	1	20	161	0
0.327	1	8	33	8	75	20	161	1
0.327	1	15	33	8	82	20	161	1
0.328	1	10	33	9	14	20	161	0
0.328	1	12	33	9	26	20	161	0
0.328	1	7	33	9	88	20	161	1
0.328	1	4	33	9	93	20	161	1
0.329	1	14	33	10	35	20	161	0
0.329	1	13	33	10	43	20	161	0
0.329	1	6	33	10	97	20	161	1
0.329	1	2	33	10	100	20	161	1
0.33	1	5	34	1	54	20	161	0
0.33	1	3	34	1	62	20	161	0
0.33	1	9	34	1	102	20	161	1
0.33	1	1	34	1	1	20	161	1
0.331	1	11	34	2	69	20	161	0
0.331	1	8	34	2	75	20	161	0
0.331	1	10	34	2	14	20	161	1
0.331	1	12	34	2	26	20	161	1
0.332	1	15	34	3	82	20	161	0
0.332	1	7	34	3	88	20	161	0
0.332	1	14	34	3	35	20	161	1
0.332	1	13	34	3	43	20	161	1
0.333	1	4	34	4	93	20	161	0
0.333	1	6	34	4	97	20	161	0
0.333	1	5	34	4	54	20	161	1
0.333	1	3	34	4	62	20	161	1
0.334	1	2	34	5	100	20	161	0
0.334	1	9	34	5	102	20	161	0
0.334	1	11	34	5	69	20	161	1
0.334	1	8	34	5	75	20	161	1
0.335	1	1	34	6	1	20	161	0
0.335	1	10	34	6	14	20	161	0
0.335	1	15	34	6	82	20	161	1
0.335	1	7	34	6	88	20	161	1
0.336	1	12	34	7	26	20	161	0
0.336	1	14	34	7	35	20	161	0
0.336	1	4	34	7	93	20	161	1
0.336	1	6	34	7	97	20	161	1
0.337	1	13	34	8	43	20	161	0
0.337	1	5	34	8	54	20	161	0
0.337	1	2	34	8	100	20	161	1
0.337	1	9	34	8	102	20	161	1
0.338	1	3	34	9	62	20	161	0
0.338	1	11	34	9	69	20	161	0
0.338	1	1	34	9	1	20	161	1
0.338	1	10	34	9	14	20	161	1
0.339	1	8	34	10	75	20	161	0
0.339	1	15	34	10	82	20	161	0
0.339	1	12	34	10	26	20	161	1
0.339	1	14	34	10	35	20	161	1
0.34	1	7	35	1	88	20	161	0
0.34	1	4	35	1	93	20	161	0
0.34	1	13	35	1	43	20	161	1
0.34	1	5	35	1	54	20	161	1
0.341	1	6	35	2	97	20	161	0
0.341	1	2	35	2	100	20	161	0
0.341	1	3	35	2	62	20	161	1
0.341	1	11	35	2	69	20	161	1
0.342	1	9	35	3	102	20	161	0
0.342	1	1	35	3	1	20	161	0
0.342	1	8	35	3	75	20	161	1
0.342	1	15	35	3	82	20	161	1
0.343	1	10	35	4	14	20	161	0
0.343	1	12	35	4	26	20	161	0
0.343	1	7	35	4	88	20	161	1
0.343	1	4	35	4	93	20	161	1
0.344	1	14	35	5	35	20	161	0
0.344	1	13	35	5	43	20	161	0
0.344	1	6	35	5	97	20	161	1
0.344	1	2	35	5	100	20	161	1
0.345	1	5	35	6	54	20	161	0
0.345	1	3	35	6	62	20	161	0
0.345	1	9	35	6	102	20	161	1
0.345	1	1	35	6	1	20	161	1
0.346	1	11	35	7	69	20	161	0
0.346	1	8	35	7	75	20	161	0
0.346	1	10	35	7	14	20	161	1
0.346	1	12	35	7	26	20	161	1
0.347	1	15	35	8	82	20	161	0
0.347	1	7	35	8	88	20	161	0
0.347	1	14	35	8	35	20	161	1
0.347	1	13	35	8	43	20	161	1
0.348	1	4	35	9	93	20	161	0
0.348	1	6	35	9	97	20	161	0
0.348	1	5	35	9	54	20	161	1
0.348	1	3	35	9	62	20	161	1
0.349	1	2	35	10	100	20	161	0
0.349	1	9	35	10	102	20	161	0
0.349	1	11	35	10	69	20	161	1
0.349	1	8	35	10	75	20	161	1
0.35	1	1	36	1	1	20	161	0
0.35	1	10	36	1	14	20	161	0
0.35	1	15	36	1	82	20	161	1
0.35	1	7	36	1	88	20	161	1
0.351	1	12	36	2	26	20	161	0
0.351	1	14	36	2	35	20	161	0
0.351	1	4	36	2	93	20	161	1
0.351	1	6	36	2	97	20	161	1
0.352	1	13	36	3	43	20	161	0
0.352	1	5	36	3	54	20	161	0
0.352	1	2	36	3	100	20	161	1
0.352	1	9	36	3	102	20	161	1
0.353	1	3	36	4	62	20	161	0
0.353	1	11	36	4	69	20	161	0
0.353	1	1	36	4	1	20	161	1
0.353	1	10	36	4	14	20	161	1
0.354	1	8	36	5	75	20	161	0
0.354	1	15	36	5	82	20	161	0
0.354	1	12	36	5	26	20	161	1
0.354	1	14	36	5	35	20	161	1
0.355	1	7	36	6	88	20	161	0
0.355	1	4	36	6	93	20	161	0
0.355	1	13	36	6	43	20	161	1
0.355	1	5	36	6	54	20	161	1
0.356	1	6	36	7	97	20	161	0
0.356	1	2	36	7	100	20	161	0
0.356	1	3	36	7	62	20	161	1
0.356	1	11	36	7	69	20	161	1
0.357	1	9	36	8	102	20	161	0
0.357	1	1	36	8	1	20	161	0
0.357	1	8	36	8	75	20	161	1
0.357	1	15	36	8	82	20	161	1
0.358	1	10	36	9	14	20	161	0
0.358	1	12	36	9	26	20	161	0
0.358	1	7	36	9	88	20	161	1
0.358	1	4	36	9	93	20	161	1
0.359	1	14	36	10	35	20	161	0
0.359	1	13	36	10	43	20	161	0
0.359	1	6	36	10	97	20	161	1
0.359	1	2	36	10	100	20	161	1
0.36	1	5	37	1	54	20	161	0
0.36	1	3	37	1	62	20	161	0
0.36	1	9	37	1	102	20	161	1
0.36	1	1	37	1	1	20	161	1
0.361	1	11	37	2	69	20	161	0
0.361	1	8	37	2	75	20	161	0
0.361	1	10	37	2	14	20	161	1
0.361	1	12	37	2	26	20	161	1
0.362	1	15	37	3	82	20	161	0
0.362	1	7	37	3	88	20	161	0
0.362	1	14	37	3	35	20	161	1
0.362	1	13	37	3	43	20	161	1
0.363	1	4	37	4	93	20	161	0
0.363	1	6	37	4	97	20	161	0
0.363	1	5	37	4	54	20	161	1
0.363	1	3	37	4	62	20	161	1
0.364	1	2	37	5	100	20	161	0
0.364	1	9	37	5	102	20	161	0
0.364	1	11	37	5	69	20	161	1
0.364	1	8	37	5	75	20	161	1
0.365	1	1	37	6	1	20	161	0
0.365	1	10	37	6	14	20	161	0
0.365	1	15	37	6	82	20	161	1
0.365	1	7	37	6	88	20	161	1
0.366	1	12	37	7	26	20	161	0
0.366	1	14	37	7	35	20	161	0
0.366	1	4	37	7	93	20	161	1
0.366	1	6	37	7	97	20	161	1
0.367	1	13	37	8	43	20	161	0
0.367	1	5	37	8	54	20	161	0
0.367	1	2	37	8	100	20	161	1
0.367	1	9	37	8	102	20	161	1
0.368	1	3	37	9	62	20	161	0
0.368	1	11	37	9	69	20	161	0
0.368	1	1	37	9	1	20	161	1
0.368	1	10	37	9	14	20	161	1
0.369	1	8	37	10	75	20	161	0
0.369	1	15	37	10	82	20	161	0
0.369	1	12	37	10	26	20	161	1
0.369	1	14	37	10	35	20	161	1
0.37	1	7	38	1	88	20	161	0
0.37	1	4	38	1	93	20	161	0
0.37	1	13	38	1	43	20	161	1
0.37	1	5	38	1	54	20	161	1
0.371	1	6	38	2	97	20	161	0
0.371	1	2	38	2	100	20	161	0
0.371	1	3	38	2	62	20	161	1
0.371	1	11	38	2	69	20	161	1
0.372	1	9	38	3	102	20	161	0
0.372	1	1	38	3	1	20	161	0
0.372	1	8	38	3	75	20	161	1
0.372	1	15	38	3	82	20	161	1
0.373	1	10	38	4	14	20	161	0
0.373	1	12	38	4	26	20	161	0
0.373	1	7	38	4	88	20	161	1
0.373	1	4	38	4	93	20	161	1
0.374	1	14	38	5	35	20	161	0
0.374	1	13	38	5	43	20	161	0
0.374	1	6	38	5	97	20	161	1
0.374	1	2	38	5	100	20	161	1
0.375	1	5	38	6	54	20	161	0
0.375	1	3	38	6	62	20	161	0
0.375	1	9	38	6	102	20	161	1
0.375	1	1	38	6	1	20	161	1
0.376	1	11	38	7	69	20	161	0
0.376	1	8	38	7	75	20	161	0
0.376	1	10	38	7	14	20	161	1
0.376	1	12	38	7	26	20	161	1
0.377	1	15	38	8	82	20	161	0
0.377	1	7	38	8	88	20	161	0
0.377	1	14	38	8	35	20	161	1
0.377	1	13	38	8	43	20	161	1
0.378	1	4	38	9	93	20	161	0
0.378	1	6	38	9	97	20	161	0
0.378	1	5	38	9	54	20	161	1
0.378	1	3	38	9	62	20	161	1
0.379	1	2	38	10	100	20	161	0
0.379	1	9	38	10	102	20	161	0
0.379	1	11	38	10	69	20	161	1
0.379	1	8	38	10	75	20	161	1
0.38	1	1	39	1	1	20	161	0
0.38	1	10	39	1	14	20	161	0
0.38	1	15	39	1	82	20	161	1
0.38	1	7	39	1	88	20	161	1
0.381	1	12	39	2	26	20	161	0
0.381	1	14	39	2	35	20	161	0
0.381	1	4	39	2	93	20	161	1
0.381	1	6	39	2	97	20	161	1
0.382	1	13	39	3	43	20	161	0
0.382	1	5	39	3	54	20	161	0
0.382	1	2	39	3	100	20	161	1
0.382	1	9	39	3	102	20	161	1
0.383	1	3	39	4	62	20	161	0
0.383	1	11	39	4	69	20	161	0
0.383	1	1	39	4	1	20	161	1
0.383	1	10	39	4	14	20	161	1
0.384	1	8	39	5	75	20	161	0
0.384	1	15	39	5	82	20	161	0
0.384	1	12	39	5	26	20	161	1
0.384	1	14	39	5	35	20	161	1
0.385	1	7	39	6	88	20	161	0
0.385	1	4	39	6	93	20	161	0
0.385	1	13	39	6	43	20	161	1
0.385	1	5	39	6	54	20	161	1
0.386	1	6	39	7	97	20	161	0
0.386	1	2	39	7	100	20	161	0
0.386	1	3	39	7	62	20	161	1
0.386	1	11	39	7	69	20	161	1
0.387	1	9	39	8	102	20	161	0
0.387	1	1	39	8	1	20	161	0
0.387	1	8	39	8	75	20	161	1
0.387	1	15	39	8	82	20	161	1
0.388	1	10	39	9	14	20	161	0
0.388	1	12	39	9	26	20	161	0
0.388	1	7	39	9	88	20	161	1
0.388	1	4	39	9	93	20	161	1
0.389	1	14	39	10	35	20	161	0
0.389	1	13	39	10	43	20	161	0
0.389	1	6	39	10	97	20	161	1
0.389	1	2	39	10	100	20	161	1
0.39	1	5	40	1	54	20	161	0
0.39	1	3	40	1	62	20	161	0
0.39	1	9	40	1	102	20	161	1
0.39	1	1	40	1	1	20	161	1
0.391	1	11	40	2	69	20	161	0
0.391	1	8	40	2	75	20	161	0
0.391	1	10	40	2	14	20	161	1
0.391	1	12	40	2	26	20	161	1
0.392	1	15	40	3	82	20	161	0
0.392	1	7	40	3	88	20	161	0
0.392	1	14	40	3	35	20	161	1
0.392	1	13	40	3	43	20	161	1
0.393	1	4	40	4	93	20	161	0
0.393	1	6	40	4	97	20	161	0
0.393	1	5	40	4	54	20	161	1
0.393	1	3	40	4	62	20	161	1
0.394	1	2	40	5	100	20	161	0
0.394	1	9	40	5	102	20	161	0
0.394	1	11	40	5	69	20	161	1
0.394	1	8	40	5	75	20	161	1
0.395	1	1	40	6	1	20	161	0
0.395	1	10	40	6	14	20	161	0
0.395	1	15	40	6	82	20	161	1
0.395	1	7	40	6	88	20	161	1
0.396	1	12	40	7	26	20	161	0
0.396	1	14	40	7	35	20	161	0
0.396	1	4	40	7	93	20	161	1
0.396	1	6	40	7	97	20	161	1
0.397	1	13	40	8	43	20	161	0
0.397	1	5	40	8	54	20	161	0
0.397	1	2	40	8	100	20	161	1
0.397	1	9	40	8	102	20	161	1
0.398	1	3	40	9	62	20	161	0
0.398	1	11	40	9	69	20	161	0
0.398	1	1	40	9	1	20	161	1
0.398	1	10	40	9	14	20	161	1
0.399	1	8	40	10	75	20	161	0
0.399	1	15	40	10	82	20	161	0
0.399	1	12	40	10	26	20	161	1
0.399	1	14	40	10	35	20	161	1
0.4	1	7	41	1	88	20	161	0
0.4	1	4	41	1	93	20	161	0
0.4	1	13	41	1	43	20	161	1
0.4	1	5	41	1	54	20	161	1
0.401	1	6	41	2	97	20	161	0
0.401	1	2	41	2	100	20	161	0
0.401	1	3	41	2	62	20	161	1
0.401	1	11	41	2	69	20	161	1
0.402	1	9	41	3	102	20	161	0
0.402	1	1	41	3	1	20	161	0
0.402	1	8	41	3	75	20	161	1
0.402	1	15	41	3	82	20	161	1
0.403	1	10	41	4	14	20	161	0
0.403	1	12	41	4	26	20	161	0
0.403	1	7	41	4	88	20	161	1
0.403	1	4	41	4	93	20	161	1
0.404	1	14	41	5	35	20	161	0
0.404	1	13	41	5	43	20	161	0
0.404	1	6	41	5	97	20	161	1
0.404	1	2	41	5	100	20	161	1
0.405	1	5	41	6	54	20	161	0
0.405	1	3	41	6	62	20	161	0
0.405	1	9	41	6	102	20	161	1
0.405	1	1	41	6	1	20	161	1
0.406	1	11	41	7	69	20	161	0
0.406	1	8	41	7	75	20	161	0
0.406	1	10	41	7	14	20	161	1
0.406	1	12	41	7	26	20	161	1
0.407	1	15	41	8	82	20	161	0
0.407	1	7	41	8	88	20	161	0
0.407	1	14	41	8	35	20	161	1
0.407	1	13	41	8	43	20	161	1
0.408	1	4	41	9	93	20	161	0
0.408	1	6	41	9	97	20	161	0
0.408	1	5	41	9	54	20	161	1
0.408	1	3	41	9	62	20	161	1
0.409	1	2	41	10	100	20	161	0
0.409	1	9	41	10	102	20	161	0
0.409	1	11	41	10	69	20	161	1
0.409	1	8	41	10	75	20	161	1
0.41	1	1	42	1	1	20	161	0
0.41	1	10	42	1	14	20	161	0
0.41	1	15	42	1	82	20	161	1
0.41	1	7	42	1	88	20	161	1
0.411	1	12	42	2	26	20	161	0
0.411	1	14	42	2	35	20	161	0
0.411	1	4	42	2	93	20	161	1
0.411	1	6	42	2	97	20	161	1
0.412	1	13	42	3	43	20	161	0
0.412	1	5	42	3	54	20	161	0
0.412	1	2	42	3	100	20	161	1
0.412	1	9	42	3	102	20	161	1
0.413	1	3	42	4	62	20	161	0
0.413	1	11	42	4	69	20	161	0
0.413	1	1	42	4	1	20	161	1
0.413	1	10	42	4	14	20	161	1
0.414	1	8	42	5	75	20	161	0
0.414	1	15	42	5	82	20	161	0
0.414	1	12	42	5	26	20	161	1
0.414	1	14	42	5	35	20	161	1
0.415	1	7	42	6	88	20	161	0
0.415	1	4	42	6	93	20	161	0
0.415	1	13	42	6	43	20	161	1
0.415	1	5	42	6	54	20	161	1
0.416	1	6	42	7	97	20	161	0
0.416	1	2	42	7	100	20	161	0
0.416	1	3	42	7	62	20	161	1
0.416	1	11	42	7	69	20	161	1
0.417	1	9	42	8	102	20	161	0
0.417	1	1	42	8	1	20	161	0
0.417	1	8	42	8	75	20	161	1
0.417	1	15	42	8	82	20	161	1
0.418	1	10	42	9	14	20	161	0
0.418	1	12	42	9	26	20	161	0
0.418	1	7	42	9	88	20	161	1
0.418	1	4	42	9	93	20	161	1
0.419	1	14	42	10	35	20	161	0
0.419	1	13	42	10	43	20	161	0
0.419	1	6	42	10	97	20	161	1
0.419	1	2	42	10	100	20	161	1
0.42	1	5	43	1	54	20	161	0
0.42	1	3	43	1	62	20	161	0
0.42	1	9	43	1	102	20	161	1
0.42	1	1	43	1	1	20	161	1
0.421	1	11	43	2	69	20	161	0
0.421	1	8	43	2	75	20	161	0
0.421	1	10	43	2	14	20	161	1
0.421	1	12	43	2	26	20	161	1
0.422	1	15	43	3	82	20	161	0
0.422	1	7	43	3	88	20	161	0
0.422	1	14	43	3	35	20	161	1
0.422	1	13	43	3	43	20	161	1
0.423	1	4	43	4	93	20	161	0
0.423	1	6	43	4	97	20	161	0
0.423	1	5	43	4	54	20	161	1
0.423	1	3	43	4	62	20	161	1
0.424	1	2	43	5	100	20	161	0
0.424	1	9	43	5	102	20	161	0
0.424	1	11	43	5	69	20	161	1
0.424	1	8	43	5	75	20	161	1
0.425	1	1	43	6	1	20	161	0
0.425	1	10	43	6	14	20	161	0
0.425	1	15	43	6	82	20	161	1
0.425	1	7	43	6	88	20	161	1
0.426	1	12	43	7	26	20	161	0
0.426	1	14	43	7	35	20	161	0
0.426	1	4	43	7	93	20	161	1
0.426	1	6	43	7	97	20	161	1
0.427	1	13	43	8	43	20	161	0
0.427	1	5	43	8	54	20	161	0
0.427	1	2	43	8	100	20	161	1
0.427	1	9	43	8	102	20	161	1
0.428	1	3	43	9	62	20	161	0
0.428	1	11	43	9	69	20	161	0
0.428	1	1	43	9	1	20	161	1
0.428	1	10	43	9	14	20	161	1
0.429	1	8	43	10	75	20	161	0
0.429	1	15	43	10	82	20	161	0
0.429	1	12	43	10	26	20	161	1
0.429	1	14	43	10	35	20	161	1
0.43	1	7	44	1	88	20	161	0
0.43	1	4	44	1	93	20	161	0
0.43	1	13	44	1	43	20	161	1
0.43	1	5	44	1	54	20	161	1
0.431	1	6	44	2	97	20	161	0
0.431	1	2	44	2	100	20	161	0
0.431	1	3	44	2	62	20	161	1
0.431	1	11	44	2	69	20	161	1
0.432	1	9	44	3	102	20	161	0
0.432	1	1	44	3	1	20	161	0
0.432	1	8	44	3	75	20	161	1
0.432	1	15	44	3	82	20	161	1
0.433	1	10	44	4	14	20	161	0
0.433	1	12	44	4	26	20	161	0
0.433	1	7	44	4	88	20	161	1
0.433	1	4	44	4	93	20	161	1
0.434	1	14	44	5	35	20	161	0
0.434	1	13	44	5	43	20	161	0
0.434	1	6	44	5	97	20	161	1
0.434	1	2	44	5	100	20	161	1
0.435	1	5	44	6	54	20	161	0
0.435	1	3	44	6	62	20	161	0
0.435	1	9	44	6	102	20	161	1
0.435	1	1	44	6	1	20	161	1
0.436	1	11	44	7	69	20	161	0
0.436	1	8	44	7	75	20	161	0
0.436	1	10	44	7	14	20	161	1
0.436	1	12	44	7	26	20	161	1
0.437	1	15	44	8	82	20	161	0
0.437	1	7	44	8	88	20	161	0
0.437	1	14	44	8	35	20	161	1
0.437	1	13	44	8	43	20	161	1
0.438	1	4	44	9	93	20	161	0
0.438	1	6	44	9	97	20	161	0
0.438	1	5	44	9	54	20	161	1
0.438	1	3	44	9	62	20	161	1
0.439	1	2	44	10	100	20	161	0
0.439	1	9	44	10	102	20	161	0
0.439	1	11	44	10	69	20	161	1
0.439	1	8	44	10	75	20	161	1
0.44	1	1	45	1	1	20	161	0
0.44	1	10	45	1	14	20	161	0
0.44	1	15	45	1	82	20	161	1
0.44	1	7	45	1	88	20	161	1
0.441	1	12	45	2	26	20	161	0
0.441	1	14	45	2	35	20	161	0
0.441	1	4	45	2	93	20	161	1
0.441	1	6	45	2	97	20	161	1
0.442	1	13	45	3	43	20	161	0
0.442	1	5	45	3	54	20	161	0
0.442	1	2	45	3	100	20	161	1
0.442	1	9	45	3	102	20	161	1
0.443	1	3	45	4	62	20	161	0
0.443	1	11	45	4	69	20	161	0
0.443	1	1	45	4	1	20	161	1
0.443	1	10	45	4	14	20	161	1
0.444	1	8	45	5	75	20	161	0
0.444	1	15	45	5	82	20	161	0
0.444	1	12	45	5	26	20	161	1
0.444	1	14	45	5	35	20	161	1
0.445	1	7	45	6	88	20	161	0
0.445	1	4	45	6	93	20	161	0
0.445	1	13	45	6	43	20	161	1
0.445	1	5	45	6	54	20	161	1
0.446	1	6	45	7	97	20	161	0
0.446	1	2	45	7	100	20	161	0
0.446	1	3	45	7	62	20	161	1
0.446	1	11	45	7	69	20	161	1
0.447	1	9	45	8	102	20	161	0
0.447	1	1	45	8	1	20	161	0
0.447	1	8	45	8	75	20	161	1
0.447	1	15	45	8	82	20	161	1
0.448	1	10	45	9	14	20	161	0
0.448	1	12	45	9	26	20	161	0
0.448	1	7	45	9	88	20	161	1
0.448	1	4	45	9	93	20	161	1
0.449	1	14	45	10	35	20	161	0
0.449	1	13	45	10	43	20	161	0
0.449	1	6	45	10	97	20	161	1
0.449	1	2	45	10	100	20	161	1
0.45	1	5	46	1	54	20	161	0
0.45	1	3	46	1	62	20	161	0
0.45	1	9	46	1	102	20	161	1
0.45	1	1	46	1	1	20	161	1
0.451	1	11	46	2	69	20	161	0
0.451	1	8	46	2	75	20	161	0
0.451	1	10	46	2	14	20	161	1
0.451	1	12	46	2	26	20	161	1
0.452	1	15	46	3	82	20	161	0
0.452	1	7	46	3	88	20	161	0
0.452	1	14	46	3	35	20	161	1
0.452	1	13	46	3	43	20	161	1
0.453	1	4	46	4	93	20	161	0
0.453	1	6	46	4	97	20	161	0
0.453	1	5	46	4	54	20	161	1
0.453	1	3	46	4	62	20	161	1
0.454	1	2	46	5	100	20	161	0
0.454	1	9	46	5	102	20	161	0
0.454	1	11	46	5	69	20	161	1
0.454	1	8	46	5	75	20	161	1
0.455	1	1	46	6	1	20	161	0
0.455	1	10	46	6	14	20	161	0
0.455	1	15	46	6	82	20	161	1
0.455	1	7	46	6	88	20	161	1
0.456	1	12	46	7	26	20	161	0
0.456	1	14	46	7	35	20	161	0
0.456	1	4	46	7	93	20	161	1
0.456	1	6	46	7	97	20	161	1
0.457	1	13	46	8	43	20	161	0
0.457	1	5	46	8	54	20	161	0
0.457	1	2	46	8	100	20	161	1
0.457	1	9	46	8	102	20	161	1
0.458	1	3	46	9	62	20	161	0
0.458	1	11	46	9	69	20	161	0
0.458	1	1	46	9	1	20	161	1
0.458	1	10	46	9	14	20	161	1
0.459	1	8	46	10	75	20	161	0
0.459	1	15	46	10	82	20	161	0
0.459	1	12	46	10	26	20	161	1
0.459	1	14	46	10	35	20	161	1
0.46	1	7	47	1	88	20	161	0
0.46	1	4	47	1	93	20	161	0
0.46	1	13	47	1	43	20	161	1
0.46	1	5	47	1	54	20	161	1
0.461	1	6	47	2	97	20	161	0
0.461	1	2	47	2	100	20	161	0
0.461	1	3	47	2	62	20	161	1
0.461	1	11	47	2	69	20	161	1
0.462	1	9	47	3	102	20	161	0
0.462	1	1	47	3	1	20	161	0
0.462	1	8	47	3	75	20	161	1
0.462	1	15	47	3	82	20	161	1
0.463	1	10	47	4	14	20	161	0
0.463	1	12	47	4	26	20	161	0
0.463	1	7	47	4	88	20	161	1
0.463	1	4	47	4	93	20	161	1
0.464	1	14	47	5	35	20	161	0
0.464	1	13	47	5	43	20	161	0
0.464	1	6	47	5	97	20	161	1
0.464	1	2	47	5	100	20	161	1
0.465	1	5	47	6	54	20	161	0
0.465	1	3	47	6	62	20	161	0
0.465	1	9	47	6	102	20	161	1
0.465	1	1	47	6	1	20	161	1
0.466	1	11	47	7	69	20	161	0
0.466	1	8	47	7	75	20	161	0
0.466	1	10	47	7	14	20	161	1
0.466	1	12	47	7	26	20	161	1
0.467	1	15	47	8	82	20	161	0
0.467	1	7	47	8	88	20	161	0
0.467	1	14	47	8	35	20	161	1
0.467	1	13	47	8	43	20	161	1
0.468	1	4	47	9	93	20	161	0
0.468	1	6	47	9	97	20	161	0
0.468	1	5	47	9	54	20	161	1
0.468	1	3	47	9	62	20	161	1
0.469	1	2	47	10	100	20	161	0
0.469	1	9	47	10	102	20	161	0
0.469	1	11	47	10	69	20	161	1
0.469	1	8	47	10	75	20	161	1
0.47	1	1	48	1	1	20	161	0
0.47	1	10	48	1	14	20	161	0
0.47	1	15	48	1	82	20	161	1
0.47	1	7	48	1	88	20	161	1
0.471	1	12	48	2	26	20	161	0
0.471	1	14	48	2	35	20	161	0
0.471	1	4	48	2	93	20	161	1
0.471	1	6	48	2	97	20	161	1
0.472	1	13	48	3	43	20	161	0
0.472	1	5	48	3	54	20	161	0
0.472	1	2	48	3	100	20	161	1
0.472	1	9	48	3	102	20	161	1
0.473	1	3	48	4	62	20	161	0
0.473	1	11	48	4	69	20	161	0
0.473	1	1	48	4	1	20	161	1
0.473	1	10	48	4	14	20	161	1
0.474	1	8	48	5	75	20	161	0
0.474	1	15	48	5	82	20	161	0
0.474	1	12	48	5	26	20	161	1
0.474	1	14	48	5	35	20	161	1
0.475	1	7	48	6	88	20	161	0
0.475	1	4	48	6	93	20	161	0
0.475	1	13	48	6	43	20	161	1
0.475	1	5	48	6	54	20	161	1
0.476	1	6	48	7	97	20	161	0
0.476	1	2	48	7	100	20	161	0
0.476	1	3	48	7	62	20	161	1
0.476	1	11	48	7	69	20	161	1
0.477	1	9	48	8	102	20	161	0
0.477	1	1	48	8	1	20	161	0
0.477	1	8	48	8	75	20	161	1
0.477	1	15	48	8	82	20	161	1
0.478	1	10	48	9	14	20	161	0
0.478	1	12	48	9	26	20	161	0
0.478	1	7	48	9	88	20	161	1
0.478	1	4	48	9	93	20	161	1
0.479	1	14	48	10	35	20	161	0
0.479	1	13	48	10	43	20	161	0
0.479	1	6	48	10	97	20	161	1
0.479	1	2	48	10	100	20	161	1
0.48	1	5	49	1	54	20	161	0
0.48	1	3	49	1	62	20	161	0
0.48	1	9	49	1	102	20	161	1
0.48	1	1	49	1	1	20	161	1
0.481	1	11	49	2	69	20	161	0
0.481	1	8	49	2	75	20	161	0
0.481	1	10	49	2	14	20	161	1
0.481	1	12	49	2	26	20	161	1
0.482	1	15	49	3	82	20	161	0
0.482	1	7	49	3	88	20	161	0
0.482	1	14	49	3	35	20	161	1
0.482	1	13	49	3	43	20	161	1
0.483	1	4	49	4	93	20	161	0
0.483	1	6	49	4	97	20	161	0
0.483	1	5	49	4	54	20	161	1
0.483	1	3	49	4	62	20	161	1
0.484	1	2	49	5	100	20	161	0
0.484	1	9	49	5	102	20	161	0
0.484	1	11	49	5	69	20	161	1
0.484	1	8	49	5	75	20	161	1
0.485	1	1	49	6	1	20	161	0
0.485	1	10	49	6	14	20	161	0
0.485	1	15	49	6	82	20	161	1
0.485	1	7	49	6	88	20	161	1
0.486	1	12	49	7	26	20	161	0
0.486	1	14	49	7	35	20	161	0
0.486	1	4	49	7	93	20	161	1
0.486	1	6	49	7	97	20	161	1
0.487	1	13	49	8	43	20	161	0
0.487	1	5	49	8	54	20	161	0
0.487	1	2	49	8	100	20	161	1
0.487	1	9	49	8	102	20	161	1
0.488	1	3	49	9	62	20	161	0
0.488	1	11	49	9	69	20	161	0
0.488	1	1	49	9	1	20	161	1
0.488	1	10	49	9	14	20	161	1
0.489	1	8	49	10	75	20	161	0
0.489	1	15	49	10	82	20	161	0
0.489	1	12	49	10	26	20	161	1
0.489	1	14	49	10	35	20	161	1
0.49	1	7	50	1	88	20	161	0
0.49	1	4	50	1	93	20	161	0
0.49	1	13	50	1	43	20	161	1
0.49	1	5	50	1	54	20	161	1
0.491	1	6	50	2	97	20	161	0
0.491	1	2	50	2	100	20	161	0
0.491	1	3	50	2	62	20	161	1
0.491	1	11	50	2	69	20	161	1
0.492	1	9	50	3	102	20	161	0
0.492	1	1	50	3	1	20	161	0
0.492	1	8	50	3	75	20	161	1
0.492	1	15	50	3	82	20	161	1
0.493	1	10	50	4	14	20	161	0
0.493	1	12	50	4	26	20	161	0
0.493	1	7	50	4	88	20	161	1
0.493	1	4	50	4	93	20	161	1
0.494	1	14	50	5	35	20	161	0
0.494	1	13	50	5	43	20	161	0
0.494	1	6	50	5	97	20	161	1
0.494	1	2	50	5	100	20	161	1
0.495	1	5	50	6	54	20	161	0
0.495	1	3	50	6	62	20	161	0
0.495	1	9	50	6	102	20	161	1
0.495	1	1	50	6	1	20	161	1
0.496	1	11	50	7	69	20	161	0
0.496	1	8	50	7	75	20	161	0
0.496	1	10	50	7	14	20	161	1
0.496	1	12	50	7	26	20	161	1
0.497	1	15	50	8	82	20	161	0
0.497	1	7	50	8	88	20	161	0
0.497	1	14	50	8	35	20	161	1
0.497	1	13	50	8	43	20	161	1
0.498	1	4	50	9	93	20	161	0
0.498	1	6	50	9	97	20	161	0
0.498	1	5	50	9	54	20	161	1
0.498	1	3	50	9	62	20	161	1
0.499	1	2	50	10	100	20	161	0
0.499	1	9	50	10	102	20	161	0
0.499	1	11	50	10	69	20	161	1
0.499	1	8	50	10	75	20	161	1
0.5	1	1	51	1	1	20	161	0
0.5	1	10	51	1	14	20	161	0
0.5	1	15	51	1	82	20	161	1
0.5	1	7	51	1	88	20	161	1
0.501	1	12	51	2	26	20	161	0
0.501	1	14	51	2	35	20	161	0
0.501	1	4	51	2	93	20	161	1
0.501	1	6	51	2	97	20	161	1
0.502	1	13	51	3	43	20	161	0
0.502	1	5	51	3	54	20	161	0
0.502	1	2	51	3	100	20	161	1
0.502	1	9	51	3	102	20	161	1
0.503	1	3	51	4	62	20	161	0
0.503	1	11	51	4	69	20	161	0
0.503	1	1	51	4	1	20	161	1
0.503	1	10	51	4	14	20	161	1
0.504	1	8	51	5	75	20	161	0
0.504	1	15	51	5	82	20	161	0
0.504	1	12	51	5	26	20	161	1
0.504	1	14	51	5	35	20	161	1
0.505	1	7	51	6	88	20	161	0
0.505	1	4	51	6	93	20	161	0
0.505	1	13	51	6	43	20	161	1
0.505	1	5	51	6	54	20	161	1
0.506	1	6	51	7	97	20	161	0
0.506	1	2	51	7	100	20	161	0
0.506	1	3	51	7	62	20	161	1
0.506	1	11	51	7	69	20	161	1
0.507	1	9	51	8	102	20	161	0
0.507	1	1	51	8	1	20	161	0
0.507	1	8	51	8	75	20	161	1
0.507	1	15	51	8	82	20	161	1
0.508	1	10	51	9	14	20	161	0
0.508	1	12	51	9	26	20	161	0
0.508	1	7	51	9	88	20	161	1
0.508	1	4	51	9	93	20	161	1
0.509	1	14	51	10	35	20	161	0
0.509	1	13	51	10	43	20	161	0
0.509	1	6	51	10	97	20	161	1
0.509	1	2	51	10	100	20	161	1
0.51	1	5	52	1	54	20	161	0
0.51	1	3	52	1	62	20	161	0
0.51	1	9	52	1	102	20	161	1
0.51	1	1	52	1	1	20	161	1
0.511	1	11	52	2	69	20	161	0
0.511	1	8	52	2	75	20	161	0
0.511	1	10	52	2	14	20	161	1
0.511	1	12	52	2	26	20	161	1
0.512	1	15	52	3	82	20	161	0
0.512	1	7	52	3	88	20	161	0
0.512	1	14	52	3	35	20	161	1
0.512	1	13	52	3	43	20	161	1
0.513	1	4	52	4	93	20	161	0
0.513	1	6	52	4	97	20	161	0
0.513	1	5	52	4	54	20	161	1
0.513	1	3	52	4	62	20	161	1
0.514	1	2	52	5	100	20	161	0
0.514	1	9	52	5	102	20	161	0
0.514	1	11	52	5	69	20	161	1
0.514	1	8	52	5	75	20	161	1
0.515	1	1	52	6	1	20	161	0
0.515	1	10	52	6	14	20	161	0
0.515	1	15	52	6	82	20	161	1
0.515	1	7	52	6	88	20	161	1
0.516	1	12	52	7	26	20	161	0
0.516	1	14	52	7	35	20	161	0
0.516	1	4	52	7	93	20	161	1
0.516	1	6	52	7	97	20	161	1
0.517	1	13	52	8	43	20	161	0
0.517	1	5	52	8	54	20	161	0
0.517	1	2	52	8	100	20	161	1
0.517	1	9	52	8	102	20	161	1
0.518	1	3	52	9	62	20	161	0
0.518	1	11	52	9	69	20	161	0
0.518	1	1	52	9	1	20	161	1
0.518	1	10	52	9	14	20	161	1
0.519	1	8	52	10	75	20	161	0
0.519	1	15	52	10	82	20	161	0
0.519	1	12	52	10	26	20	161	1
0.519	1	14	52	10	35	20	161	1
0.52	1	7	53	1	88	20	161	0
0.52	1	4	53	1	93	20	161	0
0.52	1	13	53	1	43	20	161	1
0.52	1	5	53	1	54	20	161	1
0.521	1	6	53	2	97	20	161	0
0.521	1	2	53	2	100	20	161	0
0.521	1	3	53	2	62	20	161	1
0.521	1	11	53	2	69	20	161	1
0.522	1	9	53	3	102	20	161	0
0.522	1	1	53	3	1	20	161	0
0.522	1	8	53	3	75	20	161	1
0.522	1	15	53	3	82	20	161	1
0.523	1	10	53	4	14	20	161	0
0.523	1	12	53	4	26	20	161	0
0.523	1	7	53	4	88	20	161	1
0.523	1	4	53	4	93	20	161	1
0.524	1	14	53	5	35	20	161	0
0.524	1	13	53	5	43	20	161	0
0.524	1	6	53	5	97	20	161	1
0.524	1	2	53	5	100	20	161	1
0.525	1	5	53	6	54	20	161	0
0.525	1	3	53	6	62	20	161	0
0.525	1	9	53	6	102	20	161	1
0.525	1	1	53	6	1	20	161	1
0.526	1	11	53	7	69	20	161	0
0.526	1	8	53	7	75	20	161	0
0.526	1	10	53	7	14	20	161	1
0.526	1	12	53	7	26	20	161	1
0.527	1	15	53	8	82	20	161	0
0.527	1	7	53	8	88	20	161	0
0.527	1	14	53	8	35	20	161	1
0.527	1	13	53	8	43	20	161	1
0.528	1	4	53	9	93	20	161	0
0.528	1	6	53	9	97	20	161	0
0.528	1	5	53	9	54	20	161	1
0.528	1	3	53	9	62	20	161	1
0.529	1	2	53	10	100	20	161	0
0.529	1	9	53	10	102	20	161	0
0.529	1	11	53	10	69	20	161	1
0.529	1	8	53	10	75	20	161	1
0.53	1	1	54	1	1	20	161	0
0.53	1	10	54	1	14	20	161	0
0.53	1	15	54	1	82	20	161	1
0.53	1	7	54	1	88	20	161	1
0.531	1	12	54	2	26	20	161	0
0.531	1	14	54	2	35	20	161	0
0.531	1	4	54	2	93	20	161	1
0.531	1	6	54	2	97	20	161	1
0.532	1	13	54	3	43	20	161	0
0.532	1	5	54	3	54	20	161	0
0.532	1	2	54	3	100	20	161	1
0.532	1	9	54	3	102	20	161	1
0.533	1	3	54	4	62	20	161	0
0.533	1	11	54	4	69	20	161	0
0.533	1	1	54	4	1	20	161	1
0.533	1	10	54	4	14	20	161	1
0.534	1	8	54	5	75	20	161	0
0.534	1	15	54	5	82	20	161	0
0.534	1	12	54	5	26	20	161	1
0.534	1	14	54	5	35	20	161	1
0.535	1	7	54	6	88	20	161	0
0.535	1	4	54	6	93	20	161	0
0.535	1	13	54	6	43	20	161	1
0.535	1	5	54	6	54	20	161	1
0.536	1	6	54	7	97	20	161	0
0.536	1	2	54	7	100	20	161	0
0.536	1	3	54	7	62	20	161	1
0.536	1	11	54	7	69	20	161	1
0.537	1	9	54	8	102	20	161	0
0.537	1	1	54	8	1	20	161	0
0.537	1	8	54	8	75	20	161	1
0.537	1	15	54	8	82	20	161	1
0.538	1	10	54	9	14	20	161	0
0.538	1	12	54	9	26	20	161	0
0.538	1	7	54	9	88	20	161	1
0.538	1	4	54	9	93	20	161	1
0.539	1	14	54	10	35	20	161	0
0.539	1	13	54	10	43	20	161	0
0.539	1	6	54	10	97	20	161	1
0.539	1	2	54	10	100	20	161	1
0.54	1	5	55	1	54	20	161	0
0.54	1	3	55	1	62	20	161	0
0.54	1	9	55	1	102	20	161	1
0.54	1	1	55	1	1	20	161	1
0.541	1	11	55	2	69	20	161	0
0.541	1	8	55	2	75	20	161	0
0.541	1	10	55	2	14	20	161	1
0.541	1	12	55	2	26	20	161	1
0.542	1	15	55	3	82	20	161	0
0.542	1	7	55	3	88	20	161	0
0.542	1	14	55	3	35	20	161	1
0.542	1	13	55	3	43	20	161	1
0.543	1	4	55	4	93	20	161	0
0.543	1	6	55	4	97	20	161	0
0.543	1	5	55	4	54	20	161	1
0.543	1	3	55	4	62	20	161	1
0.544	1	2	55	5	100	20	161	0
0.544	1	9	55	5	102	20	161	0
0.544	1	11	55	5	69	20	161	1
0.544	1	8	55	5	75	20	161	1
0.545	1	1	55	6	1	20	161	0
0.545	1	10	55	6	14	20	161	0
0.545	1	15	55	6	82	20	161	1
0.545	1	7	55	6	88	20	161	1
0.546	1	12	55	7	26	20	161	0
0.546	1	14	55	7	35	20	161	0
0.546	1	4	55	7	93	20	161	1
0.546	1	6	55	7	97	20	161	1
0.547	1	13	55	8	43	20	161	0
0.547	1	5	55	8	54	20	161	0
0.547	1	2	55	8	100	20	161	1
0.547	1	9	55	8	102	20	161	1
0.548	1	3	55	9	62	20	161	0
0.548	1	11	55	9	69	20	161	0
0.548	1	1	55	9	1	20	161	1
0.548	1	10	55	9	14	20	161	1
0.549	1	8	55	10	75	20	161	0
0.549	1	15	55	10	82	20	161	0
0.549	1	12	55	10	26	20	161	1
0.549	1	14	55	10	35	20	161	1
0.55	1	7	56	1	88	20	161	0
0.55	1	4	56	1	93	20	161	0
0.55	1	13	56	1	43	20	161	1
0.55	1	5	56	1	54	20	161	1
0.551	1	6	56	2	97	20	161	0
0.551	1	2	56	2	100	20	161	0
0.551	1	3	56	2	62	20	161	1
0.551	1	11	56	2	69	20	161	1
0.552	1	9	56	3	102	20	161	0
0.552	1	1	56	3	1	20	161	0
0.552	1	8	56	3	75	20	161	1
0.552	1	15	56	3	82	20	161	1
0.553	1	10	56	4	14	20	161	0
0.553	1	12	56	4	26	20	161	0
0.553	1	7	56	4	88	20	161	1
0.553	1	4	56	4	93	20	161	1
0.554	1	14	56	5	35	20	161	0
0.554	1	13	56	5	43	20	161	0
0.554	1	6	56	5	97	20	161	1
0.554	1	2	56	5	100	20	161	1
0.555	1	5	56	6	54	20	161	0
0.555	1	3	56	6	62	20	161	0
0.555	1	9	56	6	102	20	161	1
0.555	1	1	56	6	1	20	161	1
0.556	1	11	56	7	69	20	161	0
0.556	1	8	56	7	75	20	161	0
0.556	1	10	56	7	14	20	161	1
0.556	1	12	56	7	26	20	161	1
0.557	1	15	56	8	82	20	161	0
0.557	1	7	56	8	88	20	161	0
0.557	1	14	56	8	35	20	161	1
0.557	1	13	56	8	43	20	161	1
0.558	1	4	56	9	93	20	161	0
0.558	1	6	56	9	97	20	161	0
0.558	1	5	56	9	54	20	161	1
0.558	1	3	56	9	62	20	161	1
0.559	1	2	56	10	100	20	161	0
0.559	1	9	56	10	102	20	161	0
0.559	1	11	56	10	69	20	161	1
0.559	1	8	56	10	75	20	161	1
0.56	1	1	57	1	1	20	161	0
0.56	1	10	57	1	14	20	161	0
0.56	1	15	57	1	82	20	161	1
0.56	1	7	57	1	88	20	161	1
0.561	1	12	57	2	26	20	161	0
0.561	1	14	57	2	35	20	161	0
0.561	1	4	57	2	93	20	161	1
0.561	1	6	57	2	97	20	161	1
0.562	1	13	57	3	43	20	161	0
0.562	1	5	57	3	54	20	161	0
0.562	1	2	57	3	100	20	161	1
0.562	1	9	57	3	102	20	161	1
0.563	1	3	57	4	62	20	161	0
0.563	1	11	57	4	69	20	161	0
0.563	1	1	57	4	1	20	161	1
0.563	1	10	57	4	14	20	161	1
0.564	1	8	57	5	75	20	161	0
0.564	1	15	57	5	82	20	161	0
0.564	1	12	57	5	26	20	161	1
0.564	1	14	57	5	35	20	161	1
0.565	1	7	57	6	88	20	161	0
0.565	1	4	57	6	93	20	161	0
0.565	1	13	57	6	43	20	161	1
0.565	1	5	57	6	54	20	161	1
0.566	1	6	57	7	97	20	161	0
0.566	1	2	57	7	100	20	161	0
0.566	1	3	57	7	62	20	161	1
0.566	1	11	57	7	69	20	161	1
0.567	1	9	57	8	102	20	161	0
0.567	1	1	57	8	1	20	161	0
0.567	1	8	57	8	75	20	161	1
0.567	1	15	57	8	82	20	161	1
0.568	1	10	57	9	14	20	161	0
0.568	1	12	57	9	26	20	161	0
0.568	1	7	57	9	88	20	161	1
0.568	1	4	57	9	93	20	161	1
0.569	1	14	57	10	35	20	161	0
0.569	1	13	57	10	43	20	161	0
0.569	1	6	57	10	97	20	161	1
0.569	1	2	57	10	100	20	161	1
0.57	1	5	58	1	54	20	161	0
0.57	1	3	58	1	62	20	161	0
0.57	1	9	58	1	102	20	161	1
0.57	1	1	58	1	1	20	161	1
0.571	1	11	58	2	69	20	161	0
0.571	1	8	58	2	75	20	161	0
0.571	1	10	58	2	14	20	161	1
0.571	1	12	58	2	26	20	161	1
0.572	1	15	58	3	82	20	161	0
0.572	1	7	58	3	88	20	161	0
0.572	1	14	58	3	35	20	161	1
0.572	1	13	58	3	43	20	161	1
0.573	1	4	58	4	93	20	161	0
0.573	1	6	58	4	97	20	161	0
0.573	1	5	58	4	54	20	161	1
0.573	1	3	58	4	62	20	161	1
0.574	1	2	58	5	100	20	161	0
0.574	1	9	58	5	102	20	161	0
0.574	1	11	58	5	69	20	161	1
0.574	1	8	58	5	75	20	161	1
0.575	1	1	58	6	1	20	161	0
0.575	1	10	58	6	14	20	161	0
0.575	1	15	58	6	82	20	161	1
0.575	1	7	58	6	88	20	161	1
0.576	1	12	58	7	26	20	161	0
0.576	1	14	58	7	35	20	161	0
0.576	1	4	58	7	93	20	161	1
0.576	1	6	58	7	97	20	161	1
0.577	1	13	58	8	43	20	161	0
0.577	1	5	58	8	54	20	161	0
0.577	1	2	58	8	100	20	161	1
0.577	1	9	58	8	102	20	161	1
0.578	1	3	58	9	62	20	161	0
0.578	1	11	58	9	69	20	161	0
0.578	1	1	58	9	1	20	161	1
0.578	1	10	58	9	14	20	161	1
0.579	1	8	58	10	75	20	161	0
0.579	1	15	58	10	82	20	161	0
0.579	1	12	58	10	26	20	161	1
0.579	1	14	58	10	35	20	161	1
0.58	1	7	59	1	88	20	161	0
0.58	1	4	59	1	93	20	161	0
0.58	1	13	59	1	43	20	161	1
0.58	1	5	59	1	54	20	161	1
0.581	1	6	59	2	97	20	161	0
0.581	1	2	59	2	100	20	161	0
0.581	1	3	59	2	62	20	161	1
0.581	1	11	59	2	69	20	161	1
0.582	1	9	59	3	102	20	161	0
0.582	1	1	59	3	1	20	161	0
0.582	1	8	59	3	75	20	161	1
0.582	1	15	59	3	82	20	161	1
0.583	1	10	59	4	14	20	161	0
0.583	1	12	59	4	26	20	161	0
0.583	1	7	59	4	88	20	161	1
0.583	1	4	59	4	93	20	161	1
0.584	1	14	59	5	35	20	161	0
0.584	1	13	59	5	43	20	161	0
0.584	1	6	59	5	97	20	161	1
0.584	1	2	59	5	100	20	161	1
0.585	1	5	59	6	54	20	161	0
0.585	1	3	59	6	62	20	161	0
0.585	1	9	59	6	102	20	161	1
0.585	1	1	59	6	1	20	161	1
0.586	1	11	59	7	69	20	161	0
0.586	1	8	59	7	75	20	161	0
0.586	1	10	59	7	14	20	161	1
0.586	1	12	59	7	26	20	161	1
0.587	1	15	59	8	82	20	161	0
0.587	1	7	59	8	88	20	161	0
0.587	1	14	59	8	35	20	161	1
0.587	1	13	59	8	43	20	161	1
0.588	1	4	59	9	93	20	161	0
0.588	1	6	59	9	97	20	161	0
0.588	1	5	59	9	54	20	161	1
0.588	1	3	59	9	62	20	161	1
0.589	1	2	59	10	100	20	161	0
0.589	1	9	59	10	102	20	161	0
0.589	1	11	59	10	69	20	161	1
0.589	1	8	59	10	75	20	161	1
0.59	1	1	60	1	1	20	161	0
0.59	1	10	60	1	14	20	161	0
0.59	1	15	60	1	82	20	161	1
0.59	1	7	60	1	88	20	161	1
0.591	1	12	60	2	26	20	161	0
0.591	1	14	60	2	35	20	161	0
0.591	1	4	60	2	93	20	161	1
0.591	1	6	60	2	97	20	161	1
0.592	1	13	60	3	43	20	161	0
0.592	1	5	60	3	54	20	161	0
0.592	1	2	60	3	100	20	161	1
0.592	1	9	60	3	102	20	161	1
0.593	1	3	60	4	62	20	161	0
0.593	1	11	60	4	69	20	161	0
0.593	1	1	60	4	1	20	161	1
0.593	1	10	60	4	14	20	161	1
0.594	1	8	60	5	75	20	161	0
0.594	1	15	60	5	82	20	161	0
0.594	1	12	60	5	26	20	161	1
0.594	1	14	60	5	35	20	161	1
0.595	1	7	60	6	88	20	161	0
0.595	1	4	60	6	93	20	161	0
0.595	1	13	60	6	43	20	161	1
0.595	1	5	60	6	54	20	161	1
0.596	1	6	60	7	97	20	161	0
0.596	1	2	60	7	100	20	161	0
0.596	1	3	60	7	62	20	161	1
0.596	1	11	60	7	69	20	161	1
0.597	1	9	60	8	102	20	161	0
0.597	1	1	60	8	1	20	161	0
0.597	1	8	60	8	75	20	161	1
0.597	1	15	60	8	82	20	161	1
0.598	1	10	60	9	14	20	161	0
0.598	1	12	60	9	26	20	161	0
0.598	1	7	60	9	88	20	161	1
0.598	1	4	60	9	93	20	161	1
0.599	1	14	60	10	35	20	161	0
0.599	1	13	60	10	43	20	161	0
0.599	1	6	60	10	97	20	161	1
0.599	1	2	60	10	100	20	161	1
0.6	1	5	61	1	54	20	161	0
0.6	1	3	61	1	62	20	161	0
0.6	1	9	61	1	102	20	161	1
0.6	1	1	61	1	1	20	161	1
0.601	1	11	61	2	69	20	161	0
0.601	1	8	61	2	75	20	161	0
0.601	1	10	61	2	14	20	161	1
0.601	1	12	61	2	26	20	161	1
0.602	1	15	61	3	82	20	161	0
0.602	1	7	61	3	88	20	161	0
0.602	1	14	61	3	35	20	161	1
0.602	1	13	61	3	43	20	161	1
0.603	1	4	61	4	93	20	161	0
0.603	1	6	61	4	97	20	161	0
0.603	1	5	61	4	54	20	161	1
0.603	1	3	61	4	62	20	161	1
0.604	1	2	61	5	100	20	161	0
0.604	1	9	61	5	102	20	161	0
0.604	1	11	61	5	69	20	161	1
0.604	1	8	61	5	75	20	161	1
0.605	1	1	61	6	1	20	161	0
0.605	1	10	61	6	14	20	161	0
0.605	1	15	61	6	82	20	161	1
0.605	1	7	61	6	88	20	161	1
0.606	1	12	61	7	26	20	161	0
0.606	1	14	61	7	35	20	161	0
0.606	1	4	61	7	93	20	161	1
0.606	1	6	61	7	97	20	161	1
0.607	1	13	61	8	43	20	161	0
0.607	1	5	61	8	54	20	161	0
0.607	1	2	61	8	100	20	161	1
0.607	1	9	61	8	102	20	161	1
0.608	1	3	61	9	62	20	161	0
0.608	1	11	61	9	69	20	161	0
0.608	1	1	61	9	1	20	161	1
0.608	1	10	61	9	14	20	161	1
0.609	1	8	61	10	75	20	161	0
0.609	1	15	61	10	82	20	161	0
0.609	1	12	61	10	26	20	161	1
0.609	1	14	61	10	35	20	161	1
0.61	1	7	62	1	88	20	161	0
0.61	1	4	62	1	93	20	161	0
0.61	1	13	62	1	43	20	161	1
0.61	1	5	62	1	54	20	161	1
0.611	1	6	62	2	97	20	161	0
0.611	1	2	62	2	100	20	161	0
0.611	1	3	62	2	62	20	161	1
0.611	1	11	62	2	69	20	161	1
0.612	1	9	62	3	102	20	161	0
0.612	1	1	62	3	1	20	161	0
0.612	1	8	62	3	75	20	161	1
0.612	1	15	62	3	82	20	161	1
0.613	1	10	62	4	14	20	161	0
0.613	1	12	62	4	26	20	161	0
0.613	1	7	62	4	88	20	161	1
0.613	1	4	62	4	93	20	161	1
0.614	1	14	62	5	35	20	161	0
0.614	1	13	62	5	43	20	161	0
0.614	1	6	62	5	97	20	161	1
0.614	1	2	62	5	100	20	161	1
0.615	1	5	62	6	54	20	161	0
0.615	1	3	62	6	62	20	161	0
0.615	1	9	62	6	102	20	161	1
0.615	1	1	62	6	1	20	161	1
0.616	1	11	62	7	69	20	161	0
0.616	1	8	62	7	75	20	161	0
0.616	1	10	62	7	14	20	161	1
0.616	1	12	62	7	26	20	161	1
0.617	1	15	62	8	82	20	161	0
0.617	1	7	62	8	88	20	161	0
0.617	1	14	62	8	35	20	161	1
0.617	1	13	62	8	43	20	161	1
0.618	1	4	62	9	93	20	161	0
0.618	1	6	62	9	97	20	161	0
0.618	1	5	62	9	54	20	161	1
0.618	1	3	62	9	62	20	161	1
0.619	1	2	62	10	100	20	161	0
0.619	1	9	62	10	102	20	161	0
0.619	1	11	62	10	69	20	161	1
0.619	1	8	62	10	75	20	161	1
0.62	1	1	63	1	1	20	161	0
0.62	1	10	63	1	14	20	161	0
0.62	1	15	63	1	82	20	161	1
0.62	1	7	63	1	88	20	161	1
0.621	1	12	63	2	26	20	161	0
0.621	1	14	63	2	35	20	161	0
0.621	1	4	63	2	93	20	161	1
0.621	1	6	63	2	97	20	161	1
0.622	1	13	63	3	43	20	161	0
0.622	1	5	63	3	54	20	161	0
0.622	1	2	63	3	100	20	161	1
0.622	1	9	63	3	102	20	161	1
0.623	1	3	63	4	62	20	161	0
0.623	1	11	63	4	69	20	161	0
0.623	1	1	63	4	1	20	161	1
0.623	1	10	63	4	14	20	161	1
0.624	1	8	63	5	75	20	161	0
0.624	1	15	63	5	82	20	161	0
0.624	1	12	63	5	26	20	161	1
0.624	1	14	63	5	35	20	161	1
0.625	1	7	63	6	88	20	161	0
0.625	1	4	63	6	93	20	161	0
0.625	1	13	63	6	43	20	161	1
0.625	1	5	63	6	54	20	161	1
0.626	1	6	63	7	97	20	161	0
0.626	1	2	63	7	100	20	161	0
0.626	1	3	63	7	62	20	161	1
0.626	1	11	63	7	69	20	161	1
0.627	1	9	63	8	102	20	161	0
0.627	1	1	63	8	1	20	161	0
0.627	1	8	63	8	75	20	161	1
0.627	1	15	63	8	82	20	161	1
0.628	1	10	63	9	14	20	161	0
0.628	1	12	63	9	26	20	161	0
0.628	1	7	63	9	88	20	161	1
0.628	1	4	63	9	93	20	161	1
0.629	1	14	63	10	35	20	161	0
0.629	1	13	63	10	43	20	161	0
0.629	1	6	63	10	97	20	161	1
0.629	1	2	63	10	100	20	161	1
0.63	1	5	64	1	54	20	161	0
0.63	1	3	64	1	62	20	161	0
0.63	1	9	64	1	102	20	161	1
0.63	1	1	64	1	1	20	161	1
0.631	1	11	64	2	69	20	161	0
0.631	1	8	64	2	75	20	161	0
0.631	1	10	64	2	14	20	161	1
0.631	1	12	64	2	26	20	161	1
0.632	1	15	64	3	82	20	161	0
0.632	1	7	64	3	88	20	161	0
0.632	1	14	64	3	35	20	161	1
0.632	1	13	64	3	43	20	161	1
0.633	1	4	64	4	93	20	161	0
0.633	1	6	64	4	97	20	161	0
0.633	1	5	64	4	54	20	161	1
0.633	1	3	64	4	62	20	161	1
0.634	1	2	64	5	100	20	161	0
0.634	1	9	64	5	102	20	161	0
0.634	1	11	64	5	69	20	161	1
0.634	1	8	64	5	75	20	161	1
0.635	1	1	64	6	1	20	161	0
0.635	1	10	64	6	14	20	161	0
0.635	1	15	64	6	82	20	161	1
0.635	1	7	64	6	88	20	161	1
0.636	1	12	64	7	26	20	161	0
0.636	1	14	64	7	35	20	161	0
0.636	1	4	64	7	93	20	161	1
0.636	1	6	64	7	97	20	161	1
0.637	1	13	64	8	43	20	161	0
0.637	1	5	64	8	54	20	161	0
0.637	1	2	64	8	100	20	161	1
0.637	1	9	64	8	102	20	161	1
0.638	1	3	64	9	62	20	161	0
0.638	1	11	64	9	69	20	161	0
0.638	1	1	64	9	1	20	161	1
0.638	1	10	64	9	14	20	161	1
0.639	1	8	64	10	75	20	161	0
0.639	1	15	64	10	82	20	161	0
0.639	1	12	64	10	26	20	161	1
0.639	1	14	64	10	35	20	161	1
0.64	1	7	65	1	88	20	161	0
0.64	1	4	65	1	93	20	161	0
0.64	1	13	65	1	43	20	161	1
0.64	1	5	65	1	54	20	161	1
0.641	1	6	65	2	97	20	161	0
0.641	1	2	65	2	100	20	161	0
0.641	1	3	65	2	62	20	161	1
0.641	1	11	65	2	69	20	161	1
0.642	1	9	65	3	102	20	161	0
0.642	1	1	65	3	1	20	161	0
0.642	1	8	65	3	75	20	161	1
0.642	1	15	65	3	82	20	161	1
0.643	1	10	65	4	14	20	161	0
0.643	1	12	65	4	26	20	161	0
0.643	1	7	65	4	88	20	161	1
0.643	1	4	65	4	93	20	161	1
0.644	1	14	65	5	35	20	161	0
0.644	1	13	65	5	43	20	161	0
0.644	1	6	65	5	97	20	161	1
0.644	1	2	65	5	100	20	161	1
0.645	1	5	65	6	54	20	161	0
0.645	1	3	65	6	62	20	161	0
0.645	1	9	65	6	102	20	161	1
0.645	1	1	65	6	1	20	161	1
0.646	1	11	65	7	69	20	161	0
0.646	1	8	65	7	75	20	161	0
0.646	1	10	65	7	14	20	161	1
0.646	1	12	65	7	26	20	161	1
0.647	1	15	65	8	82	20	161	0
0.647	1	7	65	8	88	20	161	0
0.647	1	14	65	8	35	20	161	1
0.647	1	13	65	8	43	20	161	1
0.648	1	4	65	9	93	20	161	0
0.648	1	6	65	9	97	20	161	0
0.648	1	5	65	9	54	20	161	1
0.648	1	3	65	9	62	20	161	1
0.649	1	2	65	10	100	20	161	0
0.649	1	9	65	10	102	20	161	0
0.649	1	11	65	10	69	20	161	1
0.649	1	8	65	10	75	20	161	1
0.65	1	1	66	1	1	20	161	0
0.65	1	10	66	1	14	20	161	0
0.65	1	15	66	1	82	20	161	1
0.65	1	7	66	1	88	20	161	1
0.651	1	12	66	2	26	20	161	0
0.651	1	14	66	2	35	20	161	0
0.651	1	4	66	2	93	20	161	1
0.651	1	6	66	2	97	20	161	1
0.652	1	13	66	3	43	20	161	0
0.652	1	5	66	3	54	20	161	0
0.652	1	2	66	3	100	20	161	1
0.652	1	9	66	3	102	20	161	1
0.653	1	3	66	4	62	20	161	0
0.653	1	11	66	4	69	20	161	0
0.653	1	1	66	4	1	20	161	1
0.653	1	10	66	4	14	20	161	1
0.654	1	8	66	5	75	20	161	0
0.654	1	15	66	5	82	20	161	0
0.654	1	12	66	5	26	20	161	1
0.654	1	14	66	5	35	20	161	1
0.655	1	7	66	6	88	20	161	0
0.655	1	4	66	6	93	20	161	0
0.655	1	13	66	6	43	20	161	1
0.655	1	5	66	6	54	20	161	1
0.656	1	6	66	7	97	20	161	0
0.656	1	2	66	7	100	20	161	0
0.656	1	3	66	7	62	20	161	1
0.656	1	11	66	7	69	20	161	1
0.657	1	9	66	8	102	20	161	0
0.657	1	1	66	8	1	20	161	0
0.657	1	8	66	8	75	20	161	1
0.657	1	15	66	8	82	20	161	1
0.658	1	10	66	9	14	20	161	0
0.658	1	12	66	9	26	20	161	0
0.658	1	7	66	9	88	20	161	1
0.658	1	4	66	9	93	20	161	1
0.659	1	14	66	10	35	20	161	0
0.659	1	13	66	10	43	20	161	0
0.659	1	6	66	10	97	20	161	1
0.659	1	2	66	10	100	20	161	1
0.66	1	5	67	1	54	20	161	0
0.66	1	3	67	1	62	20	161	0
0.66	1	9	67	1	102	20	161	1
0.66	1	1	67	1	1	20	161	1
0.661	1	11	67	2	69	20	161	0
0.661	1	8	67	2	75	20	161	0
0.661	1	10	67	2	14	20	161	1
0.661	1	12	67	2	26	20	161	1
0.662	1	15	67	3	82	20	161	0
0.662	1	7	67	3	88	20	161	0
0.662	1	14	67	3	35	20	161	1
0.662	1	13	67	3	43	20	161	1
0.663	1	4	67	4	93	20	161	0
0.663	1	6	67	4	97	20	161	0
0.663	1	5	67	4	54	20	161	1
0.663	1	3	67	4	62	20	161	1
0.664	1	2	67	5	100	20	161	0
0.664	1	9	67	5	102	20	161	0
0.664	1	11	67	5	69	20	161	1
0.664	1	8	67	5	75	20	161	1
0.665	1	1	67	6	1	20	161	0
0.665	1	10	67	6	14	20	161	0
0.665	1	15	67	6	82	20	161	1
0.665	1	7	67	6	88	20	161	1
0.666	1	12	67	7	26	20	161	0
0.666	1	14	67	7	35	20	161	0
0.666	1	4	67	7	93	20	161	1
0.666	1	6	67	7	97	20	161	1
0.667	1	13	67	8	43	20	161	0
0.667	1	5	67	8	54	20	161	0
0.667	1	2	67	8	100	20	161	1
0.667	1	9	67	8	102	20	161	1
0.668	1	3	67	9	62	20	161	0
0.668	1	11	67	9	69	20	161	0
0.668	1	1	67	9	1	20	161	1
0.668	1	10	67	9	14	20	161	1
0.669	1	8	67	10	75	20	161	0
0.669	1	15	67	10	82	20	161	0
0.669	1	12	67	10	26	20	161	1
0.669	1	14	67	10	35	20	161	1
0.67	1	7	68	1	88	20	161	0
0.67	1	4	68	1	93	20	161	0
0.67	1	13	68	1	43	20	161	1
0.67	1	5	68	1	54	20	161	1
0.671	1	6	68	2	97	20	161	0
0.671	1	2	68	2	100	20	161	0
0.671	1	3	68	2	62	20	161	1
0.671	1	11	68	2	69	20	161	1
0.672	1	9	68	3	102	20	161	0
0.672	1	1	68	3	1	20	161	0
0.672	1	8	68	3	75	20	161	1
0.672	1	15	68	3	82	20	161	1
0.673	1	10	68	4	14	20	161	0
0.673	1	12	68	4	26	20	161	0
0.673	1	7	68	4	88	20	161	1
0.673	1	4	68	4	93	20	161	1
0.674	1	14	68	5	35	20	161	0
0.674	1	13	68	5	43	20	161	0
0.674	1	6	68	5	97	20	161	1
0.674	1	2	68	5	100	20	161	1
0.675	1	5	68	6	54	20	161	0
0.675	1	3	68	6	62	20	161	0
0.675	1	9	68	6	102	20	161	1
0.675	1	1	68	6	1	20	161	1
0.676	1	11	68	7	69	20	161	0
0.676	1	8	68	7	75	20	161	0
0.676	1	10	68	7	14	20	161	1
0.676	1	12	68	7	26	20	161	1
0.677	1	15	68	8	82	20	161	0
0.677	1	7	68	8	88	20	161	0
0.677	1	14	68	8	35	20	161	1
0.677	1	13	68	8	43	20	161	1
0.678	1	4	68	9	93	20	161	0
0.678	1	6	68	9	97	20	161	0
0.678	1	5	68	9	54	20	161	1
0.678	1	3	68	9	62	20	161	1
0.679	1	2	68	10	100	20	161	0
0.679	1	9	68	10	102	20	161	0
0.679	1	11	68	10	69	20	161	1
0.679	1	8	68	10	75	20	161	1
0.68	1	1	69	1	1	20	161	0
0.68	1	10	69	1	14	20	161	0
0.68	1	15	69	1	82	20	161	1
0.68	1	7	69	1	88	20	161	1
0.681	1	12	69	2	26	20	161	0
0.681	1	14	69	2	35	20	161	0
0.681	1	4	69	2	93	20	161	1
0.681	1	6	69	2	97	20	161	1
0.682	1	13	69	3	43	20	161	0
0.682	1	5	69	3	54	20	161	0
0.682	1	2	69	3	100	20	161	1
0.682	1	9	69	3	102	20	161	1
0.683	1	3	69	4	62	20	161	0
0.683	1	11	69	4	69	20	161	0
0.683	1	1	69	4	1	20	161	1
0.683	1	10	69	4	14	20	161	1
0.684	1	8	69	5	75	20	161	0
0.684	1	15	69	5	82	20	161	0
0.684	1	12	69	5	26	20	161	1
0.684	1	14	69	5	35	20	161	1
0.685	1	7	69	6	88	20	161	0
0.685	1	4	69	6	93	20	161	0
0.685	1	13	69	6	43	20	161	1
0.685	1	5	69	6	54	20	161	1
0.686	1	6	69	7	97	20	161	0
0.686	1	2	69	7	100	20	161	0
0.686	1	3	69	7	62	20	161	1
0.686	1	11	69	7	69	20	161	1
0.687	1	9	69	8	102	20	161	0
0.687	1	1	69	8	1	20	161	0
0.687	1	8	69	8	75	20	161	1
0.687	1	15	69	8	82	20	161	1
0.688	1	10	69	9	14	20	161	0
0.688	1	12	69	9	26	20	161	0
0.688	1	7	69	9	88	20	161	1
0.688	1	4	69	9	93	20	161	1
0.689	1	14	69	10	35	20	161	0
0.689	1	13	69	10	43	20	161	0
0.689	1	6	69	10	97	20	161	1
0.689	1	2	69	10	100	20	161	1
0.69	1	5	70	1	54	20	161	0
0.69	1	3	70	1	62	20	161	0
0.69	1	9	70	1	102	20	161	1
0.69	1	1	70	1	1	20	161	1
0.691	1	11	70	2	69	20	161	0
0.691	1	8	70	2	75	20	161	0
0.691	1	10	70	2	14	20	161	1
0.691	1	12	70	2	26	20	161	1
0.692	1	15	70	3	82	20	161	0
0.692	1	7	70	3	88	20	161	0
0.692	1	14	70	3	35	20	161	1
0.692	1	13	70	3	43	20	161	1
0.693	1	4	70	4	93	20	161	0
0.693	1	6	70	4	97	20	161	0
0.693	1	5	70	4	54	20	161	1
0.693	1	3	70	4	62	20	161	1
0.694	1	2	70	5	100	20	161	0
0.694	1	9	70	5	102	20	161	0
0.694	1	11	70	5	69	20	161	1
0.694	1	8	70	5	75	20	161	1
0.695	1	1	70	6	1	20	161	0
0.695	1	10	70	6	14	20	161	0
0.695	1	15	70	6	82	20	161	1
0.695	1	7	70	6	88	20	161	1
0.696	1	12	70	7	26	20	161	0
0.696	1	14	70	7	35	20	161	0
0.696	1	4	70	7	93	20	161	1
0.696	1	6	70	7	97	20	161	1
0.697	1	13	70	8	43	20	161	0
0.697	1	5	70	8	54	20	161	0
0.697	1	2	70	8	100	20	161	1
0.697	1	9	70	8	102	20	161	1
0.698	1	3	70	9	62	20	161	0
0.698	1	11	70	9	69	20	161	0
0.698	1	1	70	9	1	20	161	1
0.698	1	10	70	9	14	20	161	1
0.699	1	8	70	10	75	20	161	0
0.699	1	15	70	10	82	20	161	0
0.699	1	12	70	10	26	20	161	1
0.699	1	14	70	10	35	20	161	1
0.7	1	7	71	1	88	20	161	0
0.7	1	4	71	1	93	20	161	0
0.7	1	13	71	1	43	20	161	1
0.7	1	5	71	1	54	20	161	1
0.701	1	6	71	2	97	20	161	0
0.701	1	2	71	2	100	20	161	0
0.701	1	3	71	2	62	20	161	1
0.701	1	11	71	2	69	20	161	1
0.702	1	9	71	3	102	20	161	0
0.702	1	1	71	3	1	20	161	0
0.702	1	8	71	3	75	20	161	1
0.702	1	15	71	3	82	20	161	1
0.703	1	10	71	4	14	20	161	0
0.703	1	12	71	4	26	20	161	0
0.703	1	7	71	4	88	20	161	1
0.703	1	4	71	4	93	20	161	1
0.704	1	14	71	5	35	20	161	0
0.704	1	13	71	5	43	20	161	0
0.704	1	6	71	5	97	20	161	1
0.704	1	2	71	5	100	20	161	1
0.705	1	5	71	6	54	20	161	0
0.705	1	3	71	6	62	20	161	0
0.705	1	9	71	6	102	20	161	1
0.705	1	1	71	6	1	20	161	1
0.706	1	11	71	7	69	20	161	0
0.706	1	8	71	7	75	20	161	0
0.706	1	10	71	7	14	20	161	1
0.706	1	12	71	7	26	20	161	1
0.707	1	15	71	8	82	20	161	0
0.707	1	7	71	8	88	20	161	0
0.707	1	14	71	8	35	20	161	1
0.707	1	13	71	8	43	20	161	1
0.708	1	4	71	9	93	20	161	0
0.708	1	6	71	9	97	20	161	0
0.708	1	5	71	9	54	20	161	1
0.708	1	3	71	9	62	20	161	1
0.709	1	2	71	10	100	20	161	0
0.709	1	9	71	10	102	20	161	0
0.709	1	11	71	10	69	20	161	1
0.709	1	8	71	10	75	20	161	1
0.71	1	1	72	1	1	20	161	0
0.71	1	10	72	1	14	20	161	0
0.71	1	15	72	1	82	20	161	1
0.71	1	7	72	1	88	20	161	1
0.711	1	12	72	2	26	20	161	0
0.711	1	14	72	2	35	20	161	0
0.711	1	4	72	2	93	20	161	1
0.711	1	6	72	2	97	20	161	1
0.712	1	13	72	3	43	20	161	0
0.712	1	5	72	3	54	20	161	0
0.712	1	2	72	3	100	20	161	1
0.712	1	9	72	3	102	20	161	1
0.713	1	3	72	4	62	20	161	0
0.713	1	11	72	4	69	20	161	0
0.713	1	1	72	4	1	20	161	1
0.713	1	10	72	4	14	20	161	1
0.714	1	8	72	5	75	20	161	0
0.714	1	15	72	5	82	20	161	0
0.714	1	12	72	5	26	20	161	1
0.714	1	14	72	5	35	20	161	1
0.715	1	7	72	6	88	20	161	0
0.715	1	4	72	6	93	20	161	0
0.715	1	13	72	6	43	20	161	1
0.715	1	5	72	6	54	20	161	1
0.716	1	6	72	7	97	20	161	0
0.716	1	2	72	7	100	20	161	0
0.716	1	3	72	7	62	20	161	1
0.716	1	11	72	7	69	20	161	1
0.717	1	9	72	8	102	20	161	0
0.717	1	1	72	8	1	20	161	0
0.717	1	8	72	8	75	20	161	1
0.717	1	15	72	8	82	20	161	1
0.718	1	10	72	9	14	20	161	0
0.718	1	12	72	9	26	20	161	0
0.718	1	7	72	9	88	20	161	1
0.718	1	4	72	9	93	20	161	1
0.719	1	14	72	10	35	20	161	0
0.719	1	13	72	10	43	20	161	0
0.719	1	6	72	10	97	20	161	1
0.719	1	2	72	10	100	20	161	1
0.72	1	5	73	1	54	20	161	0
0.72	1	3	73	1	62	20	161	0
0.72	1	9	73	1	102	20	161	1
0.72	1	1	73	1	1	20	161	1
0.721	1	11	73	2	69	20	161	0
0.721	1	8	73	2	75	20	161	0
0.721	1	10	73	2	14	20	161	1
0.721	1	12	73	2	26	20	161	1
0.722	1	15	73	3	82	20	161	0
0.722	1	7	73	3	88	20	161	0
0.722	1	14	73	3	35	20	161	1
0.722	1	13	73	3	43	20	161	1
0.723	1	4	73	4	93	20	161	0
0.723	1	6	73	4	97	20	161	0
0.723	1	5	73	4	54	20	161	1
0.723	1	3	73	4	62	20	161	1
0.724	1	2	73	5	100	20	161	0
0.724	1	9	73	5	102	20	161	0
0.724	1	11	73	5	69	20	161	1
0.724	1	8	73	5	75	20	161	1
0.725	1	1	73	6	1	20	161	0
0.725	1	10	73	6	14	20	161	0
0.725	1	15	73	6	82	20	161	1
0.725	1	7	73	6	88	20	161	1
0.726	1	12	73	7	26	20	161	0
0.726	1	14	73	7	35	20	161	0
0.726	1	4	73	7	93	20	161	1
0.726	1	6	73	7	97	20	161	1
0.727	1	13	73	8	43	20	161	0
0.727	1	5	73	8	54	20	161	0
0.727	1	2	73	8	100	20	161	1
0.727	1	9	73	8	102	20	161	1
0.728	1	3	73	9	62	20	161	0
0.728	1	11	73	9	69	20	161	0
0.728	1	1	73	9	1	20	161	1
0.728	1	10	73	9	14	20	161	1
0.729	1	8	73	10	75	20	161	0
0.729	1	15	73	10	82	20	161	0
0.729	1	12	73	10	26	20	161	1
0.729	1	14	73	10	35	20	161	1
0.73	1	7	74	1	88	20	161	0
0.73	1	4	74	1	93	20	161	0
0.73	1	13	74	1	43	20	161	1
0.73	1	5	74	1	54	20	161	1
0.731	1	6	74	2	97	20	161	0
0.731	1	2	74	2	100	20	161	0
0.731	1	3	74	2	62	20	161	1
0.731	1	11	74	2	69	20	161	1
0.732	1	9	74	3	102	20	161	0
0.732	1	1	74	3	1	20	161	0
0.732	1	8	74	3	75	20	161	1
0.732	1	15	74	3	82	20	161	1
0.733	1	10	74	4	14	20	161	0
0.733	1	12	74	4	26	20	161	0
0.733	1	7	74	4	88	20	161	1
0.733	1	4	74	4	93	20	161	1
0.734	1	14	74	5	35	20	161	0
0.734	1	13	74	5	43	20	161	0
0.734	1	6	74	5	97	20	161	1
0.734	1	2	74	5	100	20	161	1
0.735	1	5	74	6	54	20	161	0
0.735	1	3	74	6	62	20	161	0
0.735	1	9	74	6	102	20	161	1
0.735	1	1	74	6	1	20	161	1
0.736	1	11	74	7	69	20	161	0
0.736	1	8	74	7	75	20	161	0
0.736	1	10	74	7	14	20	161	1
0.736	1	12	74	7	26	20	161	1
0.737	1	15	74	8	82	20	161	0
0.737	1	7	74	8	88	20	161	0
0.737	1	14	74	8	35	20	161	1
0.737	1	13	74	8	43	20	161	1
0.738	1	4	74	9	93	20	161	0
0.738	1	6	74	9	97	20	161	0
0.738	1	5	74	9	54	20	161	1
0.738	1	3	74	9	62	20	161	1
0.739	1	2	74	10	100	20	161	0
0.739	1	9	74	10	102	20	161	0
0.739	1	11	74	10	69	20	161	1
0.739	1	8	74	10	75	20	161	1
0.74	1	1	75	1	1	20	161	0
0.74	1	10	75	1	14	20	161	0
0.74	1	15	75	1	82	20	161	1
0.74	1	7	75	1	88	20	161	1
0.741	1	12	75	2	26	20	161	0
0.741	1	14	75	2	35	20	161	0
0.741	1	4	75	2	93	20	161	1
0.741	1	6	75	2	97	20	161	1
0.742	1	13	75	3	43	20	161	0
0.742	1	5	75	3	54	20	161	0
0.742	1	2	75	3	100	20	161	1
0.742	1	9	75	3	102	20	161	1
0.743	1	3	75	4	62	20	161	0
0.743	1	11	75	4	69	20	161	0
0.743	1	1	75	4	1	20	161	1
0.743	1	10	75	4	14	20	161	1
0.744	1	8	75	5	75	20	161	0
0.744	1	15	75	5	82	20	161	0
0.744	1	12	75	5	26	20	161	1
0.744	1	14	75	5	35	20	161	1
0.745	1	7	75	6	88	20	161	0
0.745	1	4	75	6	93	20	161	0
0.745	1	13	75	6	43	20	161	1
0.745	1	5	75	6	54	20	161	1
0.746	1	6	75	7	97	20	161	0
0.746	1	2	75	7	100	20	161	0
0.746	1	3	75	7	62	20	161	1
0.746	1	11	75	7	69	20	161	1
0.747	1	9	75	8	102	20	161	0
0.747	1	1	75	8	1	20	161	0
0.747	1	8	75	8	75	20	161	1
0.747	1	15	75	8	82	20	161	1
0.748	1	10	75	9	14	20	161	0
0.748	1	12	75	9	26	20	161	0
0.748	1	7	75	9	88	20	161	1
0.748	1	4	75	9	93	20	161	1
0.749	1	14	75	10	35	20	161	0
0.749	1	13	75	10	43	20	161	0
0.749	1	6	75	10	97	20	161	1
0.749	1	2	75	10	100	20	161	1
0.75	1	5	76	1	54	20	161	0
0.75	1	3	76	1	62	20	161	0
0.75	1	9	76	1	102	20	161	1
0.75	1	1	76	1	1	20	161	1
0.751	1	11	76	2	69	20	161	0
0.751	1	8	76	2	75	20	161	0
0.751	1	10	76	2	14	20	161	1
0.751	1	12	76	2	26	20	161	1
0.752	1	15	76	3	82	20	161	0
0.752	1	7	76	3	88	20	161	0
0.752	1	14	76	3	35	20	161	1
0.752	1	13	76	3	43	20	161	1
0.753	1	4	76	4	93	20	161	0
0.753	1	6	76	4	97	20	161	0
0.753	1	5	76	4	54	20	161	1
0.753	1	3	76	4	62	20	161	1
0.754	1	2	76	5	100	20	161	0
0.754	1	9	76	5	102	20	161	0
0.754	1	11	76	5	69	20	161	1
0.754	1	8	76	5	75	20	161	1
0.755	1	1	76	6	1	20	161	0
0.755	1	10	76	6	14	20	161	0
0.755	1	15	76	6	82	20	161	1
0.755	1	7	76	6	88	20	161	1
0.756	1	12	76	7	26	20	161	0
0.756	1	14	76	7	35	20	161	0
0.756	1	4	76	7	93	20	161	1
0.756	1	6	76	7	97	20	161	1
0.757	1	13	76	8	43	20	161	0
0.757	1	5	76	8	54	20	161	0
0.757	1	2	76	8	100	20	161	1
0.757	1	9	76	8	102	20	161	1
0.758	1	3	76	9	62	20	161	0
0.758	1	11	76	9	69	20	161	0
0.758	1	1	76	9	1	20	161	1
0.758	1	10	76	9	14	20	161	1
0.759	1	8	76	10	75	20	161	0
0.759	1	15	76	10	82	20	161	0
0.759	1	12	76	10	26	20	161	1
0.759	1	14	76	10	35	20	161	1
0.76	1	7	77	1	88	20	161	0
0.76	1	4	77	1	93	20	161	0
0.76	1	13	77	1	43	20	161	1
0.76	1	5	77	1	54	20	161	1
0.761	1	6	77	2	97	20	161	0
0.761	1	2	77	2	100	20	161	0
0.761	1	3	77	2	62	20	161	1
0.761	1	11	77	2	69	20	161	1
0.762	1	9	77	3	102	20	161	0
0.762	1	1	77	3	1	20	161	0
0.762	1	8	77	3	75	20	161	1
0.762	1	15	77	3	82	20	161	1
0.763	1	10	77	4	14	20	161	0
0.763	1	12	77	4	26	20	161	0
0.763	1	7	77	4	88	20	161	1
0.763	1	4	77	4	93	20	161	1
0.764	1	14	77	5	35	20	161	0
0.764	1	13	77	5	43	20	161	0
0.764	1	6	77	5	97	20	161	1
0.764	1	2	77	5	100	20	161	1
0.765	1	5	77	6	54	20	161	0
0.765	1	3	77	6	62	20	161	0
0.765	1	9	77	6	102	20	161	1
0.765	1	1	77	6	1	20	161	1
0.766	1	11	77	7	69	20	161	0
0.766	1	8	77	7	75	20	161	0
0.766	1	10	77	7	14	20	161	1
0.766	1	12	77	7	26	20	161	1
0.767	1	15	77	8	82	20	161	0
0.767	1	7	77	8	88	20	161	0
0.767	1	14	77	8	35	20	161	1
0.767	1	13	77	8	43	20	161	1
0.768	1	4	77	9	93	20	161	0
0.768	1	6	77	9	97	20	161	0
0.768	1	5	77	9	54	20	161	1
0.768	1	3	77	9	62	20	161	1
0.769	1	2	77	10	100	20	161	0
0.769	1	9	77	10	102	20	161	0
0.769	1	11	77	10	69	20	161	1
0.769	1	8	77	10	75	20	161	1
0.77	1	1	78	1	1	20	161	0
0.77	1	10	78	1	14	20	161	0
0.77	1	15	78	1	82	20	161	1
0.77	1	7	78	1	88	20	161	1
0.771	1	12	78	2	26	20	161	0
0.771	1	14	78	2	35	20	161	0
0.771	1	4	78	2	93	20	161	1
0.771	1	6	78	2	97	20	161	1
0.772	1	13	78	3	43	20	161	0
0.772	1	5	78	3	54	20	161	0
0.772	1	2	78	3	100	20	161	1
0.772	1	9	78	3	102	20	161	1
0.773	1	3	78	4	62	20	161	0
0.773	1	11	78	4	69	20	161	0
0.773	1	1	78	4	1	20	161	1
0.773	1	10	78	4	14	20	161	1
0.774	1	8	78	5	75	20	161	0
0.774	1	15	78	5	82	20	161	0
0.774	1	12	78	5	26	20	161	1
0.774	1	14	78	5	35	20	161	1
0.775	1	7	78	6	88	20	161	0
0.775	1	4	78	6	93	20	161	0
0.775	1	13	78	6	43	20	161	1
0.775	1	5	78	6	54	20	161	1
0.776	1	6	78	7	97	20	161	0
0.776	1	2	78	7	100	20	161	0
0.776	1	3	78	7	62	20	161	1
0.776	1	11	78	7	69	20	161	1
0.777	1	9	78	8	102	20	161	0
0.777	1	1	78	8	1	20	161	0
0.777	1	8	78	8	75	20	161	1
0.777	1	15	78	8	82	20	161	1
0.778	1	10	78	9	14	20	161	0
0.778	1	12	78	9	26	20	161	0
0.778	1	7	78	9	88	20	161	1
0.778	1	4	78	9	93	20	161	1
0.779	1	14	78	10	35	20	161	0
0.779	1	13	78	10	43	20	161	0
0.779	1	6	78	10	97	20	161	1
0.779	1	2	78	10	100	20	161	1
0.78	1	5	79	1	54	20	161	0
0.78	1	3	79	1	62	20	161	0
0.78	1	9	79	1	102	20	161	1
0.78	1	1	79	1	1	20	161	1
0.781	1	11	79	2	69	20	161	0
0.781	1	8	79	2	75	20	161	0
0.781	1	10	79	2	14	20	161	1
0.781	1	12	79	2	26	20	161	1
0.782	1	15	79	3	82	20	161	0
0.782	1	7	79	3	88	20	161	0
0.782	1	14	79	3	35	20	161	1
0.782	1	13	79	3	43	20	161	1
0.783	1	4	79	4	93	20	161	0
0.783	1	6	79	4	97	20	161	0
0.783	1	5	79	4	54	20	161	1
0.783	1	3	79	4	62	20	161	1
0.784	1	2	79	5	100	20	161	0
0.784	1	9	79	5	102	20	161	0
0.784	1	11	79	5	69	20	161	1
0.784	1	8	79	5	75	20	161	1
0.785	1	1	79	6	1	20	161	0
0.785	1	10	79	6	14	20	161	0
0.785	1	15	79	6	82	20	161	1
0.785	1	7	79	6	88	20	161	1
0.786	1	12	79	7	26	20	161	0
0.786	1	14	79	7	35	20	161	0
0.786	1	4	79	7	93	20	161	1
0.786	1	6	79	7	97	20	161	1
0.787	1	13	79	8	43	20	161	0
0.787	1	5	79	8	54	20	161	0
0.787	1	2	79	8	100	20	161	1
0.787	1	9	79	8	102	20	161	1
0.788	1	3	79	9	62	20	161	0
0.788	1	11	79	9	69	20	161	0
0.788	1	1	79	9	1	20	161	1
0.788	1	10	79	9	14	20	161	1
0.789	1	8	79	10	75	20	161	0
0.789	1	15	79	10	82	20	161	0
0.789	1	12	79	10	26	20	161	1
0.789	1	14	79	10	35	20	161	1
0.79	1	7	80	1	88	20	161	0
0.79	1	4	80	1	93	20	161	0
0.79	1	13	80	1	43	20	161	1
0.79	1	5	80	1	54	20	161	1
0.791	1	6	80	2	97	20	161	0
0.791	1	2	80	2	100	20	161	0
0.791	1	3	80	2	62	20	161	1
0.791	1	11	80	2	69	20	161	1
0.792	1	9	80	3	102	20	161	0
0.792	1	1	80	3	1	20	161	0
0.792	1	8	80	3	75	20	161	1
0.792	1	15	80	3	82	20	161	1
0.793	1	10	80	4	14	20	161	0
0.793	1	12	80	4	26	20	161	0
0.793	1	7	80	4	88	20	161	1
0.793	1	4	80	4	93	20	161	1
0.794	1	14	80	5	35	20	161	0
0.794	1	13	80	5	43	20	161	0
0.794	1	6	80	5	97	20	161	1
0.794	1	2	80	5	100	20	161	1
0.795	1	5	80	6	54	20	161	0
0.795	1	3	80	6	62	20	161	0
0.795	1	9	80	6	102	20	161	1
0.795	1	1	80	6	1	20	161	1
0.796	1	11	80	7	69	20	161	0
0.796	1	8	80	7	75	20	161	0
0.796	1	10	80	7	14	20	161	1
0.796	1	12	80	7	26	20	161	1
0.797	1	15	80	8	82	20	161	0
0.797	1	7	80	8	88	20	161	0
0.797	1	14	80	8	35	20	161	1
0.797	1	13	80	8	43	20	161	1
0.798	1	4	80	9	93	20	161	0
0.798	1	6	80	9	97	20	161	0
0.798	1	5	80	9	54	20	161	1
0.798	1	3	80	9	62	20	161	1
0.799	1	2	80	10	100	20	161	0
0.799	1	9	80	10	102	20	161	0
0.799	1	11	80	10	69	20	161	1
0.799	1	8	80	10	75	20	161	1
0.8	1	1	81	1	1	20	161	0
0.8	1	10	81	1	14	20	161	0
0.8	1	15	81	1	82	20	161	1
0.8	1	7	81	1	88	20	161	1
0.801	1	12	81	2	26	20	161	0
0.801	1	14	81	2	35	20	161	0
0.801	1	4	81	2	93	20	161	1
0.801	1	6	81	2	97	20	161	1
0.802	1	13	81	3	43	20	161	0
0.802	1	5	81	3	54	20	161	0
0.802	1	2	81	3	100	20	161	1
0.802	1	9	81	3	102	20	161	1
0.803	1	3	81	4	62	20	161	0
0.803	1	11	81	4	69	20	161	0
0.803	1	1	81	4	1	20	161	1
0.803	1	10	81	4	14	20	161	1
0.804	1	8	81	5	75	20	161	0
0.804	1	15	81	5	82	20	161	0
0.804	1	12	81	5	26	20	161	1
0.804	1	14	81	5	35	20	161	1
0.805	1	7	81	6	88	20	161	0
0.805	1	4	81	6	93	20	161	0
0.805	1	13	81	6	43	20	161	1
0.805	1	5	81	6	54	20	161	1
0.806	1	6	81	7	97	20	161	0
0.806	1	2	81	7	100	20	161	0
0.806	1	3	81	7	62	20	161	1
0.806	1	11	81	7	69	20	161	1
0.807	1	9	81	8	102	20	161	0
0.807	1	1	81	8	1	20	161	0
0.807	1	8	81	8	75	20	161	1
0.807	1	15	81	8	82	20	161	1
0.808	1	10	81	9	14	20	161	0
0.808	1	12	81	9	26	20	161	0
0.808	1	7	81	9	88	20	161	1
0.808	1	4	81	9	93	20	161	1
0.809	1	14	81	10	35	20	161	0
0.809	1	13	81	10	43	20	161	0
0.809	1	6	81	10	97	20	161	1
0.809	1	2	81	10	100	20	161	1
0.81	1	5	82	1	54	20	161	0
0.81	1	3	82	1	62	20	161	0
0.81	1	9	82	1	102	20	161	1
0.81	1	1	82	1	1	20	161	1
0.811	1	11	82	2	69	20	161	0
0.811	1	8	82	2	75	20	161	0
0.811	1	10	82	2	14	20	161	1
0.811	1	12	82	2	26	20	161	1
0.812	1	15	82	3	82	20	161	0
0.812	1	7	82	3	88	20	161	0
0.812	1	14	82	3	35	20	161	1
0.812	1	13	82	3	43	20	161	1
0.813	1	4	82	4	93	20	161	0
0.813	1	6	82	4	97	20	161	0
0.813	1	5	82	4	54	20	161	1
0.813	1	3	82	4	62	20	161	1
0.814	1	2	82	5	100	20	161	0
0.814	1	9	82	5	102	20	161	0
0.814	1	11	82	5	69	20	161	1
0.814	1	8	82	5	75	20	161	1
0.815	1	1	82	6	1	20	161	0
0.815	1	10	82	6	14	20	161	0
0.815	1	15	82	6	82	20	161	1
0.815	1	7	82	6	88	20	161	1
0.816	1	12	82	7	26	20	161	0
0.816	1	14	82	7	35	20	161	0
0.816	1	4	82	7	93	20	161	1
0.816	1	6	82	7	97	20	161	1
0.817	1	13	82	8	43	20	161	0
0.817	1	5	82	8	54	20	161	0
0.817	1	2	82	8	100	20	161	1
0.817	1	9	82	8	102	20	161	1
0.818	1	3	82	9	62	20	161	0
0.818	1	11	82	9	69	20	161	0
0.818	1	1	82	9	1	20	161	1
0.818	1	10	82	9	14	20	161	1
0.819	1	8	82	10	75	20	161	0
0.819	1	15	82	10	82	20	161	0
0.819	1	12	82	10	26	20	161	1
0.819	1	14	82	10	35	20	161	1
0.82	1	7	83	1	88	20	161	0
0.82	1	4	83	1	93	20	161	0
0.82	1	13	83	1	43	20	161	1
0.82	1	5	83	1	54	20	161	1
0.821	1	6	83	2	97	20	161	0
0.821	1	2	83	2	100	20	161	0
0.821	1	3	83	2	62	20	161	1
0.821	1	11	83	2	69	20	161	1
0.822	1	9	83	3	102	20	161	0
0.822	1	1	83	3	1	20	161	0
0.822	1	8	83	3	75	20	161	1
0.822	1	15	83	3	82	20	161	1
0.823	1	10	83	4	14	20	161	0
0.823	1	12	83	4	26	20	161	0
0.823	1	7	83	4	88	20	161	1
0.823	1	4	83	4	93	20	161	1
0.824	1	14	83	5	35	20	161	0
0.824	1	13	83	5	43	20	161	0
0.824	1	6	83	5	97	20	161	1
0.824	1	2	83	5	100	20	161	1
0.825	1	5	83	6	54	20	161	0
0.825	1	3	83	6	62	20	161	0
0.825	1	9	83	6	102	20	161	1
0.825	1	1	83	6	1	20	161	1
0.826	1	11	83	7	69	20	161	0
0.826	1	8	83	7	75	20	161	0
0.826	1	10	83	7	14	20	161	1
0.826	1	12	83	7	26	20	161	1
0.827	1	15	83	8	82	20	161	0
0.827	1	7	83	8	88	20	161	0
0.827	1	14	83	8	35	20	161	1
0.827	1	13	83	8	43	20	161	1
0.828	1	4	83	9	93	20	161	0
0.828	1	6	83	9	97	20	161	0
0.828	1	5	83	9	54	20	161	1
0.828	1	3	83	9	62	20	161	1
0.829	1	2	83	10	100	20	161	0
0.829	1	9	83	10	102	20	161	0
0.829	1	11	83	10	69	20	161	1
0.829	1	8	83	10	75	20	161	1
0.83	1	1	84	1	1	20	161	0
0.83	1	10	84	1	14	20	161	0
0.83	1	15	84	1	82	20	161	1
0.83	1	7	84	1	88	20	161	1
0.831	1	12	84	2	26	20	161	0
0.831	1	14	84	2	35	20	161	0
0.831	1	4	84	2	93	20	161	1
0.831	1	6	84	2	97	20	161	1
0.832	1	13	84	3	43	20	161	0
0.832	1	5	84	3	54	20	161	0
0.832	1	2	84	3	100	20	161	1
0.832	1	9	84	3	102	20	161	1
0.833	1	3	84	4	62	20	161	0
0.833	1	11	84	4	69	20	161	0
0.833	1	1	84	4	1	20	161	1
0.833	1	10	84	4	14	20	161	1
0.834	1	8	84	5	75	20	161	0
0.834	1	15	84	5	82	20	161	0
0.834	1	12	84	5	26	20	161	1
0.834	1	14	84	5	35	20	161	1
0.835	1	7	84	6	88	20	161	0
0.835	1	4	84	6	93	20	161	0
0.835	1	13	84	6	43	20	161	1
0.835	1	5	84	6	54	20	161	1
0.836	1	6	84	7	97	20	161	0
0.836	1	2	84	7	100	20	161	0
0.836	1	3	84	7	62	20	161	1
0.836	1	11	84	7	69	20	161	1
0.837	1	9	84	8	102	20	161	0
0.837	1	1	84	8	1	20	161	0
0.837	1	8	84	8	75	20	161	1
0.837	1	15	84	8	82	20	161	1
0.838	1	10	84	9	14	20	161	0
0.838	1	12	84	9	26	20	161	0
0.838	1	7	84	9	88	20	161	1
0.838	1	4	84	9	93	20	161	1
0.839	1	14	84	10	35	20	161	0
0.839	1	13	84	10	43	20	161	0
0.839	1	6	84	10	97	20	161	1
0.839	1	2	84	10	100	20	161	1
0.84	1	5	85	1	54	20	161	0
0.84	1	3	85	1	62	20	161	0
0.84	1	9	85	1	102	20	161	1
0.84	1	1	85	1	1	20	161	1
0.841	1	11	85	2	69	20	161	0
0.841	1	8	85	2	75	20	161	0
0.841	1	10	85	2	14	20	161	1
0.841	1	12	85	2	26	20	161	1
0.842	1	15	85	3	82	20	161	0
0.842	1	7	85	3	88	20	161	0
0.842	1	14	85	3	35	20	161	1
0.842	1	13	85	3	43	20	161	1
0.843	1	4	85	4	93	20	161	0
0.843	1	6	85	4	97	20	161	0
0.843	1	5	85	4	54	20	161	1
0.843	1	3	85	4	62	20	161	1
0.844	1	2	85	5	100	20	161	0
0.844	1	9	85	5	102	20	161	0
0.844	1	11	85	5	69	20	161	1
0.844	1	8	85	5	75	20	161	1
0.845	1	1	85	6	1	20	161	0
0.845	1	10	85	6	14	20	161	0
0.845	1	15	85	6	82	20	161	1
0.845	1	7	85	6	88	20	161	1
0.846	1	12	85	7	26	20	161	0
0.846	1	14	85	7	35	20	161	0
0.846	1	4	85	7	93	20	161	1
0.846	1	6	85	7	97	20	161	1
0.847	1	13	85	8	43	20	161	0
0.847	1	5	85	8	54	20	161	0
0.847	1	2	85	8	100	20	161	1
0.847	1	9	85	8	102	20	161	1
0.848	1	3	85	9	62	20	161	0
0.848	1	11	85	9	69	20	161	0
0.848	1	1	85	9	1	20	161	1
0.848	1	10	85	9	14	20	161	1
0.849	1	8	85	10	75	20	161	0
0.849	1	15	85	10	82	20	161	0
0.849	1	12	85	10	26	20	161	1
0.849	1	14	85	10	35	20	161	1
0.85	1	7	86	1	88	20	161	0
0.85	1	4	86	1	93	20	161	0
0.85	1	13	86	1	43	20	161	1
0.85	1	5	86	1	54	20	161	1
0.851	1	6	86	2	97	20	161	0
0.851	1	2	86	2	100	20	161	0
0.851	1	3	86	2	62	20	161	1
0.851	1	11	86	2	69	20	161	1
0.852	1	9	86	3	102	20	161	0
0.852	1	1	86	3	1	20	161	0
0.852	1	8	86	3	75	20	161	1
0.852	1	15	86	3	82	20	161	1
0.853	1	10	86	4	14	20	161	0
0.853	1	12	86	4	26	20	161	0
0.853	1	7	86	4	88	20	161	1
0.853	1	4	86	4	93	20	161	1
0.854	1	14	86	5	35	20	161	0
0.854	1	13	86	5	43	20	161	0
0.854	1	6	86	5	97	20	161	1
0.854	1	2	86	5	100	20	161	1
0.855	1	5	86	6	54	20	161	0
0.855	1	3	86	6	62	20	161	0
0.855	1	9	86	6	102	20	161	1
0.855	1	1	86	6	1	20	161	1
0.856	1	11	86	7	69	20	161	0
0.856	1	8	86	7	75	20	161	0
0.856	1	10	86	7	14	20	161	1
0.856	1	12	86	7	26	20	161	1
0.857	1	15	86	8	82	20	161	0
0.857	1	7	86	8	88	20	161	0
0.857	1	14	86	8	35	20	161	1
0.857	1	13	86	8	43	20	161	1
0.858	1	4	86	9	93	20	161	0
0.858	1	6	86	9	97	20	161	0
0.858	1	5	86	9	54	20	161	1
0.858	1	3	86	9	62	20	161	1
0.859	1	2	86	10	100	20	161	0
0.859	1	9	86	10	102	20	161	0
0.859	1	11	86	10	69	20	161	1
0.859	1	8	86	10	75	20	161	1
0.86	1	1	87	1	1	20	161	0
0.86	1	10	87	1	14	20	161	0
0.86	1	15	87	1	82	20	161	1
0.86	1	7	87	1	88	20	161	1
0.861	1	12	87	2	26	20	161	0
0.861	1	14	87	2	35	20	161	0
0.861	1	4	87	2	93	20	161	1
0.861	1	6	87	2	97	20	161	1
0.862	1	13	87	3	43	20	161	0
0.862	1	5	87	3	54	20	161	0
0.862	1	2	87	3	100	20	161	1
0.862	1	9	87	3	102	20	161	1
0.863	1	3	87	4	62	20	161	0
0.863	1	11	87	4	69	20	161	0
0.863	1	1	87	4	1	20	161	1
0.863	1	10	87	4	14	20	161	1
0.864	1	8	87	5	75	20	161	0
0.864	1	15	87	5	82	20	161	0
0.864	1	12	87	5	26	20	161	1
0.864	1	14	87	5	35	20	161	1
0.865	1	7	87	6	88	20	161	0
0.865	1	4	87	6	93	20	161	0
0.865	1	13	87	6	43	20	161	1
0.865	1	5	87	6	54	20	161	1
0.866	1	6	87	7	97	20	161	0
0.866	1	2	87	7	100	20	161	0
0.866	1	3	87	7	62	20	161	1
0.866	1	11	87	7	69	20	161	1
0.867	1	9	87	8	102	20	161	0
0.867	1	1	87	8	1	20	161	0
0.867	1	8	87	8	75	20	161	1
0.867	1	15	87	8	82	20	161	1
0.868	1	10	87	9	14	20	161	0
0.868	1	12	87	9	26	20	161	0
0.868	1	7	87	9	88	20	161	1
0.868	1	4	87	9	93	20	161	1
0.869	1	14	87	10	35	20	161	0
0.869	1	13	87	10	43	20	161	0
0.869	1	6	87	10	97	20	161	1
0.869	1	2	87	10	100	20	161	1
0.87	1	5	88	1	54	20	161	0
0.87	1	3	88	1	62	20	161	0
0.87	1	9	88	1	102	20	161	1
0.87	1	1	88	1	1	20	161	1
0.871	1	11	88	2	69	20	161	0
0.871	1	8	88	2	75	20	161	0
0.871	1	10	88	2	14	20	161	1
0.871	1	12	88	2	26	20	161	1
0.872	1	15	88	3	82	20	161	0
0.872	1	7	88	3	88	20	161	0
0.872	1	14	88	3	35	20	161	1
0.872	1	13	88	3	43	20	161	1
0.873	1	4	88	4	93	20	161	0
0.873	1	6	88	4	97	20	161	0
0.873	1	5	88	4	54	20	161	1
0.873	1	3	88	4	62	20	161	1
0.874	1	2	88	5	100	20	161	0
0.874	1	9	88	5	102	20	161	0
0.874	1	11	88	5	69	20	161	1
0.874	1	8	88	5	75	20	161	1
0.875	1	1	88	6	1	20	161	0
0.875	1	10	88	6	14	20	161	0
0.875	1	15	88	6	82	20	161	1
0.875	1	7	88	6	88	20	161	1
0.876	1	12	88	7	26	20	161	0
0.876	1	14	88	7	35	20	161	0
0.876	1	4	88	7	93	20	161	1
0.876	1	6	88	7	97	20	161	1
0.877	1	13	88	8	43	20	161	0
0.877	1	5	88	8	54	20	161	0
0.877	1	2	88	8	100	20	161	1
0.877	1	9	88	8	102	20	161	1
0.878	1	3	88	9	62	20	161	0
0.878	1	11	88	9	69	20	161	0
0.878	1	1	88	9	1	20	161	1
0.878	1	10	88	9	14	20	161	1
0.879	1	8	88	10	75	20	161	0
0.879	1	15	88	10	82	20	161	0
0.879	1	12	88	10	26	20	161	1
0.879	1	14	88	10	35	20	161	1
0.88	1	7	89	1	88	20	161	0
0.88	1	4	89	1	93	20	161	0
0.88	1	13	89	1	43	20	161	1
0.88	1	5	89	1	54	20	161	1
0.881	1	6	89	2	97	20	161	0
0.881	1	2	89	2	100	20	161	0
0.881	1	3	89	2	62	20	161	1
0.881	1	11	89	2	69	20	161	1
0.882	1	9	89	3	102	20	161	0
0.882	1	1	89	3	1	20	161	0
0.882	1	8	89	3	75	20	161	1
0.882	1	15	89	3	82	20	161	1
0.883	1	10	89	4	14	20	161	0
0.883	1	12	89	4	26	20	161	0
0.883	1	7	89	4	88	20	161	1
0.883	1	4	89	4	93	20	161	1
0.884	1	14	89	5	35	20	161	0
0.884	1	13	89	5	43	20	161	0
0.884	1	6	89	5	97	20	161	1
0.884	1	2	89	5	100	20	161	1
0.885	1	5	89	6	54	20	161	0
0.885	1	3	89	6	62	20	161	0
0.885	1	9	89	6	102	20	161	1
0.885	1	1	89	6	1	20	161	1
0.886	1	11	89	7	69	20	161	0
0.886	1	8	89	7	75	20	161	0
0.886	1	10	89	7	14	20	161	1
0.886	1	12	89	7	26	20	161	1
0.887	1	15	89	8	82	20	161	0
0.887	1	7	89	8	88	20	161	0
0.887	1	14	89	8	35	20	161	1
0.887	1	13	89	8	43	20	161	1
0.888	1	4	89	9	93	20	161	0
0.888	1	6	89	9	97	20	161	0
0.888	1	5	89	9	54	20	161	1
0.888	1	3	89	9	62	20	161	1
0.889	1	2	89	10	100	20	161	0
0.889	1	9	89	10	102	20	161	0
0.889	1	11	89	10	69	20	161	1
0.889	1	8	89	10	75	20	161	1
0.89	1	1	90	1	1	20	161	0
0.89	1	10	90	1	14	20	161	0
0.89	1	15	90	1	82	20	161	1
0.89	1	7	90	1	88	20	161	1
0.891	1	12	90	2	26	20	161	0
0.891	1	14	90	2	35	20	161	0
0.891	1	4	90	2	93	20	161	1
0.891	1	6	90	2	97	20	161	1
0.892	1	13	90	3	43	20	161	0
0.892	1	5	90	3	54	20	161	0
0.892	1	2	90	3	100	20	161	1
0.892	1	9	90	3	102	20	161	1
0.893	1	3	90	4	62	20	161	0
0.893	1	11	90	4	69	20	161	0
0.893	1	1	90	4	1	20	161	1
0.893	1	10	90	4	14	20	161	1
0.894	1	8	90	5	75	20	161	0
0.894	1	15	90	5	82	20	161	0
0.894	1	12	90	5	26	20	161	1
0.894	1	14	90	5	35	20	161	1
0.895	1	7	90	6	88	20	161	0
0.895	1	4	90	6	93	20	161	0
0.895	1	13	90	6	43	20	161	1
0.895	1	5	90	6	54	20	161	1
0.896	1	6	90	7	97	20	161	0
0.896	1	2	90	7	100	20	161	0
0.896	1	3	90	7	62	20	161	1
0.896	1	11	90	7	69	20	161	1
0.897	1	9	90	8	102	20	161	0
0.897	1	1	90	8	1	20	161	0
0.897	1	8	90	8	75	20	161	1
0.897	1	15	90	8	82	20	161	1
0.898	1	10	90	9	14	20	161	0
0.898	1	12	90	9	26	20	161	0
0.898	1	7	90	9	88	20	161	1
0.898	1	4	90	9	93	20	161	1
0.899	1	14	90	10	35	20	161	0
0.899	1	13	90	10	43	20	161	0
0.899	1	6	90	10	97	20	161	1
0.899	1	2	90	10	100	20	161	1
