% time	cellId	IMSI	RNTI	sinrLinear	componentCarrierId
0.041	1	1	1	62.3709	0
0.041	2	1	1	62.2741	1
0.054	1	10	14	62.3709	0
0.054	2	10	14	62.2741	1
0.056	1	5	54	62.3709	0
0.056	2	5	54	62.2741	1
0.066	1	12	26	62.3709	0
0.066	2	12	26	62.2741	1
0.075	1	14	35	62.3709	0
0.075	2	14	35	62.2741	1
0.076	1	3	62	62.3709	0
0.076	2	3	62	62.2741	1
0.077	1	15	82	62.3709	0
0.077	2	15	82	62.2741	1
0.081	1	1	1	62.3709	0
0.081	2	1	1	62.2741	1
0.084	1	13	43	62.3709	0
0.084	2	13	43	62.2741	1
0.085	1	11	69	62.3709	0
0.085	2	11	69	62.2741	1
0.086	1	7	88	62.3709	0
0.086	2	7	88	62.2741	1
0.091	1	8	75	62.3709	0
0.091	2	8	75	62.2741	1
0.092	1	4	93	62.3709	0
0.092	2	4	93	62.2741	1
0.094	1	10	14	62.3709	0
0.094	2	10	14	62.2741	1
0.096	1	5	54	62.3709	0
0.096	2	5	54	62.2741	1
0.106	1	12	26	62.3709	0
0.106	2	12	26	62.2741	1
0.115	1	14	35	62.3709	0
0.115	2	14	35	62.2741	1
0.116	1	3	62	62.3709	0
0.116	2	3	62	62.2741	1
0.117	1	15	82	62.3709	0
0.117	2	15	82	62.2741	1
0.118	1	6	97	62.3709	0
0.118	2	6	97	62.2741	1
0.121	1	1	1	62.3709	0
0.121	2	1	1	62.2741	1
0.122	1	2	100	62.3709	0
0.122	2	2	100	62.2741	1
0.124	1	13	43	62.3709	0
0.124	2	13	43	62.2741	1
0.125	1	11	69	62.3709	0
0.125	2	11	69	62.2741	1
0.126	1	7	88	62.3709	0
0.126	2	7	88	62.2741	1
0.127	1	9	102	62.3709	0
0.127	2	9	102	62.2741	1
0.131	1	8	75	62.3709	0
0.131	2	8	75	62.2741	1
0.132	1	4	93	62.3709	0
0.132	2	4	93	62.2741	1
0.134	1	10	14	62.3709	0
0.134	2	10	14	62.2741	1
0.136	1	5	54	62.3709	0
0.136	2	5	54	62.2741	1
0.146	1	12	26	62.3709	0
0.146	2	12	26	62.2741	1
0.155	1	14	35	62.3709	0
0.155	2	14	35	62.2741	1
0.156	1	3	62	62.3709	0
0.156	2	3	62	62.2741	1
0.157	1	15	82	62.3709	0
0.157	2	15	82	62.2741	1
0.158	1	6	97	62.3709	0
0.158	2	6	97	62.2741	1
0.161	1	1	1	62.3709	0
0.161	2	1	1	62.2741	1
0.162	1	2	100	62.3709	0
0.162	2	2	100	62.2741	1
0.164	1	13	43	62.3709	0
0.164	2	13	43	62.2741	1
0.165	1	11	69	62.3709	0
0.165	2	11	69	62.2741	1
0.166	1	7	88	62.3709	0
0.166	2	7	88	62.2741	1
0.167	1	9	102	62.3709	0
0.167	2	9	102	62.2741	1
0.171	1	8	75	62.3709	0
0.171	2	8	75	62.2741	1
0.172	1	4	93	62.3709	0
0.172	2	4	93	62.2741	1
0.174	1	10	14	62.3709	0
0.174	2	10	14	62.2741	1
0.176	1	5	54	62.3709	0
0.176	2	5	54	62.2741	1
0.186	1	12	26	62.3709	0
0.186	2	12	26	62.2741	1
0.195	1	14	35	62.3709	0
0.195	2	14	35	62.2741	1
0.196	1	3	62	62.3709	0
0.196	2	3	62	62.2741	1
0.197	1	15	82	62.3709	0
0.197	2	15	82	62.2741	1
0.198	1	6	97	62.3709	0
0.198	2	6	97	62.2741	1
0.201	1	1	1	62.3709	0
0.201	2	1	1	62.2741	1
0.202	1	2	100	62.3709	0
0.202	2	2	100	62.2741	1
0.204	1	13	43	62.3709	0
0.204	2	13	43	62.2741	1
0.205	1	11	69	62.3709	0
0.205	2	11	69	62.2741	1
0.206	1	7	88	62.3709	0
0.206	2	7	88	62.2741	1
0.207	1	9	102	62.3709	0
0.207	2	9	102	62.2741	1
0.211	1	8	75	62.3709	0
0.211	2	8	75	62.2741	1
0.212	1	4	93	62.3709	0
0.212	2	4	93	62.2741	1
0.214	1	10	14	62.3709	0
0.214	2	10	14	62.2741	1
0.216	1	5	54	62.3709	0
0.216	2	5	54	62.2741	1
0.226	1	12	26	62.3709	0
0.226	2	12	26	62.2741	1
0.235	1	14	35	62.3709	0
0.235	2	14	35	62.2741	1
0.236	1	3	62	62.3709	0
0.236	2	3	62	62.2741	1
0.237	1	15	82	62.3709	0
0.237	2	15	82	62.2741	1
0.238	1	6	97	62.3709	0
0.238	2	6	97	62.2741	1
0.241	1	1	1	62.3709	0
0.241	2	1	1	62.2741	1
0.242	1	2	100	62.3709	0
0.242	2	2	100	62.2741	1
0.244	1	13	43	62.3709	0
0.244	2	13	43	62.2741	1
0.245	1	11	69	62.3709	0
0.245	2	11	69	62.2741	1
0.246	1	7	88	62.3709	0
0.246	2	7	88	62.2741	1
0.247	1	9	102	62.3709	0
0.247	2	9	102	62.2741	1
0.251	1	8	75	62.3709	0
0.251	2	8	75	62.2741	1
0.252	1	4	93	62.3709	0
0.252	2	4	93	62.2741	1
0.254	1	10	14	62.3709	0
0.254	2	10	14	62.2741	1
0.256	1	5	54	62.3709	0
0.256	2	5	54	62.2741	1
0.266	1	12	26	62.3709	0
0.266	2	12	26	62.2741	1
0.275	1	14	35	62.3709	0
0.275	2	14	35	62.2741	1
0.276	1	3	62	62.3709	0
0.276	2	3	62	62.2741	1
0.277	1	15	82	62.3709	0
0.277	2	15	82	62.2741	1
0.278	1	6	97	62.3709	0
0.278	2	6	97	62.2741	1
0.281	1	1	1	62.3709	0
0.281	2	1	1	62.2741	1
0.282	1	2	100	62.3709	0
0.282	2	2	100	62.2741	1
0.284	1	13	43	62.3709	0
0.284	2	13	43	62.2741	1
0.285	1	11	69	62.3709	0
0.285	2	11	69	62.2741	1
0.286	1	7	88	62.3709	0
0.286	2	7	88	62.2741	1
0.287	1	9	102	62.3709	0
0.287	2	9	102	62.2741	1
0.291	1	8	75	62.3709	0
0.291	2	8	75	62.2741	1
0.292	1	4	93	62.3709	0
0.292	2	4	93	62.2741	1
0.294	1	10	14	62.3709	0
0.294	2	10	14	62.2741	1
0.296	1	5	54	62.3709	0
0.296	2	5	54	62.2741	1
0.306	1	12	26	62.3709	0
0.306	2	12	26	62.2741	1
0.315	1	14	35	62.3709	0
0.315	2	14	35	62.2741	1
0.316	1	3	62	62.3709	0
0.316	2	3	62	62.2741	1
0.317	1	15	82	62.3709	0
0.317	2	15	82	62.2741	1
0.318	1	6	97	62.3709	0
0.318	2	6	97	62.2741	1
0.321	1	1	1	62.3709	0
0.321	2	1	1	62.2741	1
0.322	1	2	100	62.3709	0
0.322	2	2	100	62.2741	1
0.324	1	13	43	62.3709	0
0.324	2	13	43	62.2741	1
0.325	1	11	69	62.3709	0
0.325	2	11	69	62.2741	1
0.326	1	7	88	62.3709	0
0.326	2	7	88	62.2741	1
0.327	1	9	102	62.3709	0
0.327	2	9	102	62.2741	1
0.331	1	8	75	62.3709	0
0.331	2	8	75	62.2741	1
0.332	1	4	93	62.3709	0
0.332	2	4	93	62.2741	1
0.334	1	10	14	62.3709	0
0.334	2	10	14	62.2741	1
0.336	1	5	54	62.3709	0
0.336	2	5	54	62.2741	1
0.346	1	12	26	62.3709	0
0.346	2	12	26	62.2741	1
0.355	1	14	35	62.3709	0
0.355	2	14	35	62.2741	1
0.356	1	3	62	62.3709	0
0.356	2	3	62	62.2741	1
0.357	1	15	82	62.3709	0
0.357	2	15	82	62.2741	1
0.358	1	6	97	62.3709	0
0.358	2	6	97	62.2741	1
0.361	1	1	1	62.3709	0
0.361	2	1	1	62.2741	1
0.362	1	2	100	62.3709	0
0.362	2	2	100	62.2741	1
0.364	1	13	43	62.3709	0
0.364	2	13	43	62.2741	1
0.365	1	11	69	62.3709	0
0.365	2	11	69	62.2741	1
0.366	1	7	88	62.3709	0
0.366	2	7	88	62.2741	1
0.367	1	9	102	62.3709	0
0.367	2	9	102	62.2741	1
0.371	1	8	75	62.3709	0
0.371	2	8	75	62.2741	1
0.372	1	4	93	62.3709	0
0.372	2	4	93	62.2741	1
0.374	1	10	14	62.3709	0
0.374	2	10	14	62.2741	1
0.376	1	5	54	62.3709	0
0.376	2	5	54	62.2741	1
0.386	1	12	26	62.3709	0
0.386	2	12	26	62.2741	1
0.395	1	14	35	62.3709	0
0.395	2	14	35	62.2741	1
0.396	1	3	62	62.3709	0
0.396	2	3	62	62.2741	1
0.397	1	15	82	62.3709	0
0.397	2	15	82	62.2741	1
0.398	1	6	97	62.3709	0
0.398	2	6	97	62.2741	1
0.401	1	1	1	62.3709	0
0.401	2	1	1	62.2741	1
0.402	1	2	100	62.3709	0
0.402	2	2	100	62.2741	1
0.404	1	13	43	62.3709	0
0.404	2	13	43	62.2741	1
0.405	1	11	69	62.3709	0
0.405	2	11	69	62.2741	1
0.406	1	7	88	62.3709	0
0.406	2	7	88	62.2741	1
0.407	1	9	102	62.3709	0
0.407	2	9	102	62.2741	1
0.411	1	8	75	62.3709	0
0.411	2	8	75	62.2741	1
0.412	1	4	93	62.3709	0
0.412	2	4	93	62.2741	1
0.414	1	10	14	62.3709	0
0.414	2	10	14	62.2741	1
0.416	1	5	54	62.3709	0
0.416	2	5	54	62.2741	1
0.426	1	12	26	62.3709	0
0.426	2	12	26	62.2741	1
0.435	1	14	35	62.3709	0
0.435	2	14	35	62.2741	1
0.436	1	3	62	62.3709	0
0.436	2	3	62	62.2741	1
0.437	1	15	82	62.3709	0
0.437	2	15	82	62.2741	1
0.438	1	6	97	62.3709	0
0.438	2	6	97	62.2741	1
0.441	1	1	1	62.3709	0
0.441	2	1	1	62.2741	1
0.442	1	2	100	62.3709	0
0.442	2	2	100	62.2741	1
0.444	1	13	43	62.3709	0
0.444	2	13	43	62.2741	1
0.445	1	11	69	62.3709	0
0.445	2	11	69	62.2741	1
0.446	1	7	88	62.3709	0
0.446	2	7	88	62.2741	1
0.447	1	9	102	62.3709	0
0.447	2	9	102	62.2741	1
0.451	1	8	75	62.3709	0
0.451	2	8	75	62.2741	1
0.452	1	4	93	62.3709	0
0.452	2	4	93	62.2741	1
0.454	1	10	14	62.3709	0
0.454	2	10	14	62.2741	1
0.456	1	5	54	62.3709	0
0.456	2	5	54	62.2741	1
0.466	1	12	26	62.3709	0
0.466	2	12	26	62.2741	1
0.475	1	14	35	62.3709	0
0.475	2	14	35	62.2741	1
0.476	1	3	62	62.3709	0
0.476	2	3	62	62.2741	1
0.477	1	15	82	62.3709	0
0.477	2	15	82	62.2741	1
0.478	1	6	97	62.3709	0
0.478	2	6	97	62.2741	1
0.481	1	1	1	62.3709	0
0.481	2	1	1	62.2741	1
0.482	1	2	100	62.3709	0
0.482	2	2	100	62.2741	1
0.484	1	13	43	62.3709	0
0.484	2	13	43	62.2741	1
0.485	1	11	69	62.3709	0
0.485	2	11	69	62.2741	1
0.486	1	7	88	62.3709	0
0.486	2	7	88	62.2741	1
0.487	1	9	102	62.3709	0
0.487	2	9	102	62.2741	1
0.491	1	8	75	62.3709	0
0.491	2	8	75	62.2741	1
0.492	1	4	93	62.3709	0
0.492	2	4	93	62.2741	1
0.494	1	10	14	62.3709	0
0.494	2	10	14	62.2741	1
0.496	1	5	54	62.3709	0
0.496	2	5	54	62.2741	1
0.506	1	12	26	62.3709	0
0.506	2	12	26	62.2741	1
0.515	1	14	35	62.3709	0
0.515	2	14	35	62.2741	1
0.516	1	3	62	62.3709	0
0.516	2	3	62	62.2741	1
0.517	1	15	82	62.3709	0
0.517	2	15	82	62.2741	1
0.518	1	6	97	62.3709	0
0.518	2	6	97	62.2741	1
0.521	1	1	1	62.3709	0
0.521	2	1	1	62.2741	1
0.522	1	2	100	62.3709	0
0.522	2	2	100	62.2741	1
0.524	1	13	43	62.3709	0
0.524	2	13	43	62.2741	1
0.525	1	11	69	62.3709	0
0.525	2	11	69	62.2741	1
0.526	1	7	88	62.3709	0
0.526	2	7	88	62.2741	1
0.527	1	9	102	62.3709	0
0.527	2	9	102	62.2741	1
0.531	1	8	75	62.3709	0
0.531	2	8	75	62.2741	1
0.532	1	4	93	62.3709	0
0.532	2	4	93	62.2741	1
0.534	1	10	14	62.3709	0
0.534	2	10	14	62.2741	1
0.536	1	5	54	62.3709	0
0.536	2	5	54	62.2741	1
0.546	1	12	26	62.3709	0
0.546	2	12	26	62.2741	1
0.555	1	14	35	62.3709	0
0.555	2	14	35	62.2741	1
0.556	1	3	62	62.3709	0
0.556	2	3	62	62.2741	1
0.557	1	15	82	62.3709	0
0.557	2	15	82	62.2741	1
0.558	1	6	97	62.3709	0
0.558	2	6	97	62.2741	1
0.561	1	1	1	62.3709	0
0.561	2	1	1	62.2741	1
0.562	1	2	100	62.3709	0
0.562	2	2	100	62.2741	1
0.564	1	13	43	62.3709	0
0.564	2	13	43	62.2741	1
0.565	1	11	69	62.3709	0
0.565	2	11	69	62.2741	1
0.566	1	7	88	62.3709	0
0.566	2	7	88	62.2741	1
0.567	1	9	102	62.3709	0
0.567	2	9	102	62.2741	1
0.571	1	8	75	62.3709	0
0.571	2	8	75	62.2741	1
0.572	1	4	93	62.3709	0
0.572	2	4	93	62.2741	1
0.574	1	10	14	62.3709	0
0.574	2	10	14	62.2741	1
0.576	1	5	54	62.3709	0
0.576	2	5	54	62.2741	1
0.586	1	12	26	62.3709	0
0.586	2	12	26	62.2741	1
0.595	1	14	35	62.3709	0
0.595	2	14	35	62.2741	1
0.596	1	3	62	62.3709	0
0.596	2	3	62	62.2741	1
0.597	1	15	82	62.3709	0
0.597	2	15	82	62.2741	1
0.598	1	6	97	62.3709	0
0.598	2	6	97	62.2741	1
0.601	1	1	1	62.3709	0
0.601	2	1	1	62.2741	1
0.602	1	2	100	62.3709	0
0.602	2	2	100	62.2741	1
0.604	1	13	43	62.3709	0
0.604	2	13	43	62.2741	1
0.605	1	11	69	62.3709	0
0.605	2	11	69	62.2741	1
0.606	1	7	88	62.3709	0
0.606	2	7	88	62.2741	1
0.607	1	9	102	62.3709	0
0.607	2	9	102	62.2741	1
0.611	1	8	75	62.3709	0
0.611	2	8	75	62.2741	1
0.612	1	4	93	62.3709	0
0.612	2	4	93	62.2741	1
0.614	1	10	14	62.3709	0
0.614	2	10	14	62.2741	1
0.616	1	5	54	62.3709	0
0.616	2	5	54	62.2741	1
0.626	1	12	26	62.3709	0
0.626	2	12	26	62.2741	1
0.635	1	14	35	62.3709	0
0.635	2	14	35	62.2741	1
0.636	1	3	62	62.3709	0
0.636	2	3	62	62.2741	1
0.637	1	15	82	62.3709	0
0.637	2	15	82	62.2741	1
0.638	1	6	97	62.3709	0
0.638	2	6	97	62.2741	1
0.641	1	1	1	62.3709	0
0.641	2	1	1	62.2741	1
0.642	1	2	100	62.3709	0
0.642	2	2	100	62.2741	1
0.644	1	13	43	62.3709	0
0.644	2	13	43	62.2741	1
0.645	1	11	69	62.3709	0
0.645	2	11	69	62.2741	1
0.646	1	7	88	62.3709	0
0.646	2	7	88	62.2741	1
0.647	1	9	102	62.3709	0
0.647	2	9	102	62.2741	1
0.651	1	8	75	62.3709	0
0.651	2	8	75	62.2741	1
0.652	1	4	93	62.3709	0
0.652	2	4	93	62.2741	1
0.654	1	10	14	62.3709	0
0.654	2	10	14	62.2741	1
0.656	1	5	54	62.3709	0
0.656	2	5	54	62.2741	1
0.666	1	12	26	62.3709	0
0.666	2	12	26	62.2741	1
0.675	1	14	35	62.3709	0
0.675	2	14	35	62.2741	1
0.676	1	3	62	62.3709	0
0.676	2	3	62	62.2741	1
0.677	1	15	82	62.3709	0
0.677	2	15	82	62.2741	1
0.678	1	6	97	62.3709	0
0.678	2	6	97	62.2741	1
0.681	1	1	1	62.3709	0
0.681	2	1	1	62.2741	1
0.682	1	2	100	62.3709	0
0.682	2	2	100	62.2741	1
0.684	1	13	43	62.3709	0
0.684	2	13	43	62.2741	1
0.685	1	11	69	62.3709	0
0.685	2	11	69	62.2741	1
0.686	1	7	88	62.3709	0
0.686	2	7	88	62.2741	1
0.687	1	9	102	62.3709	0
0.687	2	9	102	62.2741	1
0.691	1	8	75	62.3709	0
0.691	2	8	75	62.2741	1
0.692	1	4	93	62.3709	0
0.692	2	4	93	62.2741	1
0.694	1	10	14	62.3709	0
0.694	2	10	14	62.2741	1
0.696	1	5	54	62.3709	0
0.696	2	5	54	62.2741	1
0.706	1	12	26	62.3709	0
0.706	2	12	26	62.2741	1
0.715	1	14	35	62.3709	0
0.715	2	14	35	62.2741	1
0.716	1	3	62	62.3709	0
0.716	2	3	62	62.2741	1
0.717	1	15	82	62.3709	0
0.717	2	15	82	62.2741	1
0.718	1	6	97	62.3709	0
0.718	2	6	97	62.2741	1
0.721	1	1	1	62.3709	0
0.721	2	1	1	62.2741	1
0.722	1	2	100	62.3709	0
0.722	2	2	100	62.2741	1
0.724	1	13	43	62.3709	0
0.724	2	13	43	62.2741	1
0.725	1	11	69	62.3709	0
0.725	2	11	69	62.2741	1
0.726	1	7	88	62.3709	0
0.726	2	7	88	62.2741	1
0.727	1	9	102	62.3709	0
0.727	2	9	102	62.2741	1
0.731	1	8	75	62.3709	0
0.731	2	8	75	62.2741	1
0.732	1	4	93	62.3709	0
0.732	2	4	93	62.2741	1
0.734	1	10	14	62.3709	0
0.734	2	10	14	62.2741	1
0.736	1	5	54	62.3709	0
0.736	2	5	54	62.2741	1
0.746	1	12	26	62.3709	0
0.746	2	12	26	62.2741	1
0.755	1	14	35	62.3709	0
0.755	2	14	35	62.2741	1
0.756	1	3	62	62.3709	0
0.756	2	3	62	62.2741	1
0.757	1	15	82	62.3709	0
0.757	2	15	82	62.2741	1
0.758	1	6	97	62.3709	0
0.758	2	6	97	62.2741	1
0.761	1	1	1	62.3709	0
0.761	2	1	1	62.2741	1
0.762	1	2	100	62.3709	0
0.762	2	2	100	62.2741	1
0.764	1	13	43	62.3709	0
0.764	2	13	43	62.2741	1
0.765	1	11	69	62.3709	0
0.765	2	11	69	62.2741	1
0.766	1	7	88	62.3709	0
0.766	2	7	88	62.2741	1
0.767	1	9	102	62.3709	0
0.767	2	9	102	62.2741	1
0.771	1	8	75	62.3709	0
0.771	2	8	75	62.2741	1
0.772	1	4	93	62.3709	0
0.772	2	4	93	62.2741	1
0.774	1	10	14	62.3709	0
0.774	2	10	14	62.2741	1
0.776	1	5	54	62.3709	0
0.776	2	5	54	62.2741	1
0.786	1	12	26	62.3709	0
0.786	2	12	26	62.2741	1
0.795	1	14	35	62.3709	0
0.795	2	14	35	62.2741	1
0.796	1	3	62	62.3709	0
0.796	2	3	62	62.2741	1
0.797	1	15	82	62.3709	0
0.797	2	15	82	62.2741	1
0.798	1	6	97	62.3709	0
0.798	2	6	97	62.2741	1
0.801	1	1	1	62.3709	0
0.801	2	1	1	62.2741	1
0.802	1	2	100	62.3709	0
0.802	2	2	100	62.2741	1
0.804	1	13	43	62.3709	0
0.804	2	13	43	62.2741	1
0.805	1	11	69	62.3709	0
0.805	2	11	69	62.2741	1
0.806	1	7	88	62.3709	0
0.806	2	7	88	62.2741	1
0.807	1	9	102	62.3709	0
0.807	2	9	102	62.2741	1
0.811	1	8	75	62.3709	0
0.811	2	8	75	62.2741	1
0.812	1	4	93	62.3709	0
0.812	2	4	93	62.2741	1
0.814	1	10	14	62.3709	0
0.814	2	10	14	62.2741	1
0.816	1	5	54	62.3709	0
0.816	2	5	54	62.2741	1
0.826	1	12	26	62.3709	0
0.826	2	12	26	62.2741	1
0.835	1	14	35	62.3709	0
0.835	2	14	35	62.2741	1
0.836	1	3	62	62.3709	0
0.836	2	3	62	62.2741	1
0.837	1	15	82	62.3709	0
0.837	2	15	82	62.2741	1
0.838	1	6	97	62.3709	0
0.838	2	6	97	62.2741	1
0.841	1	1	1	62.3709	0
0.841	2	1	1	62.2741	1
0.842	1	2	100	62.3709	0
0.842	2	2	100	62.2741	1
0.844	1	13	43	62.3709	0
0.844	2	13	43	62.2741	1
0.845	1	11	69	62.3709	0
0.845	2	11	69	62.2741	1
0.846	1	7	88	62.3709	0
0.846	2	7	88	62.2741	1
0.847	1	9	102	62.3709	0
0.847	2	9	102	62.2741	1
0.851	1	8	75	62.3709	0
0.851	2	8	75	62.2741	1
0.852	1	4	93	62.3709	0
0.852	2	4	93	62.2741	1
0.854	1	10	14	62.3709	0
0.854	2	10	14	62.2741	1
0.856	1	5	54	62.3709	0
0.856	2	5	54	62.2741	1
0.866	1	12	26	62.3709	0
0.866	2	12	26	62.2741	1
0.875	1	14	35	62.3709	0
0.875	2	14	35	62.2741	1
0.876	1	3	62	62.3709	0
0.876	2	3	62	62.2741	1
0.877	1	15	82	62.3709	0
0.877	2	15	82	62.2741	1
0.878	1	6	97	62.3709	0
0.878	2	6	97	62.2741	1
0.881	1	1	1	62.3709	0
0.881	2	1	1	62.2741	1
0.882	1	2	100	62.3709	0
0.882	2	2	100	62.2741	1
0.884	1	13	43	62.3709	0
0.884	2	13	43	62.2741	1
0.885	1	11	69	62.3709	0
0.885	2	11	69	62.2741	1
0.886	1	7	88	62.3709	0
0.886	2	7	88	62.2741	1
0.887	1	9	102	62.3709	0
0.887	2	9	102	62.2741	1
0.891	1	8	75	62.3709	0
0.891	2	8	75	62.2741	1
0.892	1	4	93	62.3709	0
0.892	2	4	93	62.2741	1
0.894	1	10	14	62.3709	0
0.894	2	10	14	62.2741	1
0.896	1	5	54	62.3709	0
0.896	2	5	54	62.2741	1
